1.65 0.85863 0.21727 1
2.1113 0.8902 0.41582 1
2.2082 0.88586 0.43389 1
2.2123 0.88951 0.43401 1
2.3194 0.87447 0.48947 1
2.3872 0.89325 0.42534 1
2.4072 0.85992 0.56976 1
2.4118 0.86863 0.2038 1
2.2862 0.80593 0.50021 1
2.5146 0.8964 0.011321 1
2.205 0.85864 0.20273 1
2.3237 0.87148 0.27113 1
2.3303 0.88983 0.39617 1
2.318 0.87505 0.14403 1
2.3123 0.8656 0.13472 1
2.3196 0.87146 -0.031598 1
2.4063 0.88846 0.16466 1
2.4924 0.88701 0.095275 1
2.534 0.90377 0.28184 1
2.6161 0.92156 0.053632 1
2.6088 0.90411 0.16831 1
2.7024 0.95364 0.22065 1
2.6071 0.87642 -0.058988 1
3.0424 1.1372 0.1379 1
2.8042 0.90091 0.49325 1
2.8009 0.89799 0.28939 1
2.8181 0.91486 -0.064641 1
2.7872 0.89419 -0.063396 1
1.8172 0.87035 0.16835 1
2.0102 0.8863 0.43227 1
2.0126 0.8848 0.4764 1
2.1005 0.90758 0.39746 1
1.5598 0.866 0.50651 1
2.8414 0.95709 0.49249 1
1.5231 0.85088 0.40274 1
2.1532 0.9216 0.40169 1
2.116 0.8901 0.010403 1
2.1819 0.87591 0.56035 1
2.2734 0.88671 0.64603 1
1.9304 0.87749 0.28387 1
1.893 0.86234 0.10575 1
1.8971 0.84336 0.48767 1
1.9472 0.88089 0.4119 1
1.9829 0.86773 0.21017 1
1.9901 0.87479 0.42715 1
2.6965 0.87359 0.81893 1
2.7755 0.88817 0.58633 1
2.7773 0.89112 0.47927 1
2.7885 0.89405 0.065063 1
2.4996 0.89611 -0.0313 1
2.5965 0.89716 0.16956 1
2.6057 0.90643 0.038435 1
2.5446 0.86781 -0.058131 1
2.6276 0.92776 -0.082488 1
2.6089 0.89891 0.16537 1
2.5939 0.89198 0.035256 1
2.6059 0.89804 -0.057799 1
2.7482 1.0029 0.38977 1
2.6966 0.8943 0.14012 1
2.7208 0.90365 0.27668 1
2.699 0.89342 0.14086 1
2.6915 0.89173 0.095645 1
2.7096 0.90166 0.39422 1
2.3577 0.8658 0.40368 1
2.3275 0.82928 0.074273 1
2.3509 0.80824 0.36521 1
2.4622 0.85097 0.42176 1
2.5107 0.87474 0.13836 1
2.9639 1.0366 0.71101 1
2.6761 0.86579 0.48197 1
2.7961 0.89232 0.72917 1
2.7189 0.85208 0.65656 1
2.7829 0.90376 0.34728 1
2.8215 0.91724 -0.062557 1
2.7843 0.91639 0.43507 1
2.7918 0.90311 0.47029 1
2.7746 0.88609 0.066693 1
2.757 0.87725 0.0019943 1
4.3134 1.235 -0.064204 1
2.792 0.91768 -0.083058 1
2.8356 0.92423 0.25448 1
2.7459 0.87419 0.021793 1
4.3263 1.3491 -0.042705 1
4.3196 1.3448 -0.043195 1
4.3191 1.2185 -0.14824 1
4.3241 1.3273 -0.14836 1
4.3288 1.2008 -0.042621 1
1.6288 0.87314 0.18146 1
1.6072 0.86704 0.43323 1
1.7864 0.97026 0.050232 1
1.6665 0.87226 0.22415 1
1.7283 0.87953 0.11733 1
1.7365 0.85851 0.50598 1
2.7143 0.90484 -0.039614 1
4.409 1.5902 1.0407 1
4.2423 1.6432 1.0096 1
4.3259 1.2597 -0.13616 1
4.3307 1.2801 -0.079957 1
4.3264 1.251 -0.14249 1
4.3257 1.2516 -0.15679 1
4.3261 1.2808 -0.095789 1
4.3224 1.2653 -0.10122 1
4.3281 1.2726 -0.10206 1
4.3288 1.2784 -0.11875 1
4.3276 1.2812 -0.094137 1
4.3309 1.3213 -0.10027 1
4.3297 1.2973 -0.13843 1
4.3094 1.5395 1.0114 1
4.0318 1.4086 0.92243 1
4.3532 1.1819 0.024164 1
4.3348 1.3167 -0.10408 1
4.629 1.1289 0.48924 1
1.6956 0.85646 0.15219 1
1.3512 0.84681 0.15619 1
1.4362 0.87631 0.19302 1
1.4236 0.86284 0.32053 1
1.4095 0.85525 -0.039108 1
1.7483 0.85481 0.53591 1
1.5152 0.85684 0.24625 1
1.5035 0.85159 0.15707 1
1.5449 0.85635 0.50606 1
1.5498 0.84845 0.5412 1
1.5287 0.83445 0.2734 1
1.557 0.86815 0.40868 1
1.552 0.848 0.27431 1
1.5958 0.86751 0.43767 1
1.6323 0.88532 0.44155 1
1.598 0.8635 0.4312 1
1.613 0.83193 0.081991 1
1.2711 0.87276 0.49212 1
1.2579 0.85464 0.23033 1
1.2707 0.8204 0.35626 1
2.0301 0.89872 0.4388 1
2.0357 0.89618 -0.050513 1
2.0362 0.8916 0.44091 1
2.0708 0.85895 0.61879 1
1.9556 0.83142 0.076296 1
2.0271 0.85473 0.20645 1
2.1343 0.86127 0.77726 1
2.1363 0.87455 0.50352 1
2.1228 0.86909 0.50525 1
2.1334 0.86312 0.65591 1
2.195 0.85299 0.74425 1
2.2933 0.88093 0.62961 1
2.3218 0.89148 0.63538 1
2.2522 0.85293 0.78006 1
2.3107 0.86134 0.26845 1
2.4982 0.87455 0.4917 1
2.8067 0.97935 0.44445 1
1.1422 0.8384 0.033754 1
1.2346 0.86356 0.32585 1
1.2256 0.85262 0.23031 1
1.2211 0.84428 0.31208 1
1.2385 0.84968 0.36047 1
1.2206 0.84317 0.31113 1
1.2396 0.85694 0.31505 1
1.1469 0.84901 0.41892 1
1.1227 0.85701 0.42388 1
1.3412 0.84695 0.50151 1
1.4025 0.83731 0.56099 1
1.2278 0.85248 -0.036387 1
1.3524 0.79217 0.088175 1
1.2276 0.84658 0.047251 1
1.2255 0.84357 0.09688 1
1.658 0.86334 0.090384 1
1.5178 0.86015 0.11006 1
1.4514 0.8708 0.43514 1
2.7995 0.89406 0.95375 1
1.6396 0.85425 0.60402 1
1.5378 0.86463 0.63896 1
1.7108 0.86349 0.15358 1
1.5539 0.85902 0.15714 1
1.7263 0.86718 0.23939 1
1.5151 0.85249 0.28835 1
1.1285 0.84361 0.11598 1
1.5505 0.87105 0.41711 1
2.2547 0.83751 0.011164 1
2.8237 0.9069 0.48562 1
2.7509 0.87753 0.54486 1
2.8057 0.89835 0.72901 1
2.7928 0.89334 0.16195 1
1.8294 0.85709 0.21473 1
2.0927 0.8821 0.36887 1
2.4233 0.87574 0.85076 1
2.0232 0.8809 0.70292 1
1.9354 0.86783 0.49484 1
4.933 1.1425 1.2689 1
1.2455 0.85268 0.48186 1
1.1545 0.86543 0.3023 1
1.4245 0.86018 -0.03756 1
1.2258 0.84484 0.048797 1
1.4332 0.79255 0.024397 1
1.7813 0.85834 0.16996 1
1.7211 0.86707 0.24069 1
1.5268 0.83928 0.28214 1
2.7793 0.90512 0.35391 1
1.5105 0.84385 0.53799 1
1.7498 0.87335 0.41025 1
2.1877 0.8508 0.075027 1
2.1131 0.88154 0.14709 1
2.7108 0.86706 0.5454 1
4.3051 1.1961 -0.04479 1
1.8295 0.85486 0.21113 1
6.1789 0.51711 2.4597 1
1.138 0.8531 0.031353 1
1.1473 0.83873 0.16271 1
1.231 0.868 0.44487 1
1.1193 0.85568 0.38137 1
1.1417 0.83454 0.24258 1
1.4299 0.86487 0.17898 1
1.3304 0.85708 0.16104 1
1.3504 0.87583 0.37631 1
1.4224 0.87375 0.44093 1
1.3436 0.87715 0.41807 1
1.3324 0.84039 0.50029 1
1.7325 0.87862 0.021234 1
1.7087 0.86541 0.11049 1
2.8062 0.90441 0.97963 1
2.7451 0.88481 0.56495 1
2.7759 0.89543 0.69812 1
1.5269 0.86982 0.11477 1
2.7895 1.045 -0.034275 1
2.1946 0.84949 0.075187 1
1.6487 0.85793 0.60831 1
2.7784 0.89401 0.03611 1
2.3319 0.84913 0.83628 1
2.2805 0.88039 0.6337 1
1.9346 0.86763 0.50372 1
5.2086 -0.60105 1.7947 1
5.7973 0.48458 2.3008 1
1.5353 0.87379 0.25501 1
1.3202 0.85295 0.36619 1
1.4136 0.86915 0.44313 1
1.7075 0.86796 0.020903 1
2.7897 0.90001 0.32144 1
2.8631 1.016 -0.072498 1
2.0104 0.8538 0.075321 1
1.328 0.83552 -0.013839 1
1.4372 0.84168 0.09229 1
1.7927 0.86608 0.17742 1
1.541 0.84754 0.15202 1
1.6436 0.85121 0.59725 1
2.7807 0.90701 0.053837 1
2.526 0.89625 0.87771 1
2.1475 0.86651 0.6558 1
2.0208 0.88672 0.43605 1
5.3485 -0.58189 1.8902 1
1.1269 0.82585 0.03129 1
1.2148 0.85808 0.44166 1
2.7918 0.95257 0.12978 1
2.765 0.89731 0.35035 1
1.9998 0.84294 0.073001 1
4.3331 1.2162 -0.049718 1
2.0451 0.8605 0.20428 1
2.2441 0.85293 0.48572 1
2.5882 0.90227 0.84995 1
5.305 -0.5761 1.8852 1
1.295 0.82453 0.55149 1
2.4762 0.88835 -0.075524 1
1.2353 0.86707 0.19417 1
2.6951 0.87889 0.56553 1
2.6929 0.94247 0.39157 1
1.3703 0.85477 0.28291 1
4.2561 1.1901 -0.060267 1
1.7298 0.8864 0.25825 1
1.9413 0.8587 0.38483 1
2.3557 0.92592 0.67156 1
1.3505 0.84466 0.15387 1
1.3434 0.8698 0.37487 1
2.7002 0.89397 0.1815 1
3.9354 1.3036 0.45759 1
1.4503 0.89262 0.19877 1
2.7189 0.99719 0.62729 1
1.2623 0.82614 0.25469 1
1.6612 1.0516 0.3405 1
1.4282 0.87153 0.32699 1
2.0051 0.88125 0.43012 1
1.8661 0.90185 0.43838 1
2.0703 1.021 0.47524 1
1.7403 0.89697 0.26751 1
1.9753 0.87643 0.4232 1
1.5803 0.99488 0.31185 1
1.8237 0.89698 0.33544 1
2.0897 0.87606 0.066666 1
1.4007 0.89372 0.44849 1
1.1379 0.84944 0.16596 1
1.1287 0.84696 -0.017553 1
1.7084 0.86373 0.15357 1
1.7376 0.85928 0.50589 1
1.7401 0.86943 0.41043 1
1.7996 0.86516 0.70138 1
1.8187 0.87157 0.70296 1
1.8303 0.88411 0.31841 1
1.811 0.86507 0.30565 1
1.7896 0.86667 -0.046355 1
1.8158 0.84151 0.20359 1
1.9735 0.8853 0.5207 1
1.9714 0.87931 0.68077 1
1.9759 0.86605 0.70206 1
1.9421 0.87453 -0.065878 1
1.9937 0.86808 0.69435 1
2.0042 0.88992 0.43815 1
2.0908 0.9557 0.58694 1
1.9212 0.86745 0.28431 1
1.8257 0.82225 0.38078 1
1.9239 0.8585 0.14653 1
2.1298 0.86324 0.66046 1
2.133 0.87286 0.49752 1
2.1262 0.85906 0.26748 1
2.2329 0.86993 0.72534 1
2.241 0.88035 0.45471 1
2.1917 0.84658 0.19853 1
2.5145 0.97991 0.20356 1
2.2982 0.86769 0.49398 1
2.706 0.88509 0.48976 1
2.7722 0.88608 0.68372 1
2.8045 0.91432 0.048447 1
2.8023 0.89748 0.15778 1
4.2947 1.7573 0.1565 1
4.322 1.2368 -0.061766 1
4.3348 1.2688 -0.10874 1
4.3229 1.3084 -0.11626 1
4.3402 1.2863 -0.12306 1
4.2917 1.3185 -0.096157 1
2.4113 0.90703 0.31717 1
2.4192 0.90745 0.4293 1
2.3992 0.8876 -0.056375 1
2.4009 0.85874 0.19679 1
2.5276 0.91146 0.35898 1
2.7098 0.8982 0.0068877 1
2.7144 0.88042 0.26524 1
2.806 0.89994 0.20944 1
2.8058 0.90216 0.073765 1
4.4269 1.6046 1.0493 1
4.2919 1.5438 1.0261 1
4.3012 1.3636 0.025316 1
4.3268 1.3258 -0.066062 1
4.6134 1.1298 0.87562 1
4.5535 1.1381 0.33462 1
5.1593 1.1857 0.4304 1
1.7221 0.85105 0.49105 1
1.6934 0.85076 0.35767 1
4.3459 1.2933 -0.081322 1
4.3259 1.33 -0.15243 1
4.2981 1.762 0.02579 1
4.3274 1.2997 -0.083838 1
4.3369 1.3404 -0.12118 1
4.34 1.1782 0.031783 1
4.4275 1.3391 -0.15821 1
4.3455 1.2525 -0.10818 1
4.3233 1.3292 -0.062859 1
4.3388 1.3319 -0.14593 1
4.3507 1.3544 -0.10021 1
4.564 1.103 0.81261 1
4.9342 1.1471 0.67092 1
4.9504 1.1529 0.50181 1
4.3385 1.2004 -0.040673 1
4.3311 1.2211 -0.14236 1
4.3281 1.2186 -0.14988 1
4.3297 1.2373 -0.060292 1
4.3155 1.2197 -0.12984 1
4.3329 1.25 -0.12101 1
4.3204 1.255 -0.10128 1
4.3236 1.2583 -0.1015 1
4.3253 1.2802 -0.080291 1
4.2854 1.2555 -0.10803 1
4.3134 1.2725 -0.11458 1
4.3164 1.2872 -0.1129 1
4.2662 1.2331 -0.1291 1
4.3277 1.2935 -0.12203 1
4.2724 1.2595 -0.12113 1
4.3223 1.2774 -0.14623 1
4.3208 1.3737 0.015341 1
4.2981 1.7474 0.54334 1
4.5484 1.1323 0.33308 1
4.6241 1.1311 0.49704 1
1.7984 0.85911 0.087701 1
1.8061 0.86524 -0.045538 1
1.839 0.87379 0.47285 1
1.8082 0.84287 -0.048091 1
2.3063 0.86925 0.49195 1
2.3333 0.89035 0.40059 1
2.3023 0.85454 0.5185 1
2.5256 0.87455 0.52331 1
2.5176 0.89464 0.39737 1
2.5971 0.89298 0.2968 1
2.7054 0.90072 0.76424 1
2.6409 0.88693 0.069004 1
1.2159 0.8403 0.22848 1
1.5587 0.86275 0.50552 1
1.7243 1.0098 0.49919 1
1.6188 0.8578 0.56674 1
1.6418 0.88172 0.43715 1
1.7217 0.86801 0.022302 1
1.7551 0.8703 0.50617 1
1.7366 0.8606 0.4965 1
1.3359 0.86009 0.16234 1
1.8689 0.9108 0.33362 1
1.7732 0.84851 -0.04453 1
1.9273 0.83935 -0.0017436 1
2.0362 0.82431 0.014265 1
2.3292 0.86876 0.26693 1
2.3004 0.86227 0.13867 1
2.4123 0.8989 0.17114 1
2.6202 0.9198 0.43278 1
2.7045 0.88577 0.99783 1
2.786 0.89258 0.85208 1
1.3112 0.84262 0.23984 1
1.3365 0.86976 0.41503 1
1.363 0.85515 0.28847 1
1.3455 0.84202 0.28434 1
1.3453 0.83993 0.28198 1
1.3464 0.84173 0.28801 1
1.3418 0.84715 -0.017607 1
1.5287 0.88236 0.2712 1
1.4712 0.85949 0.092093 1
1.5217 0.88358 0.14454 1
4.9948 1.1596 0.29144 1
5.9243 1.0939 0.31042 1
5.807 1.1995 0.50905 1
4.3244 1.261 -0.1437 1
4.3305 1.2637 -0.14346 1
4.3285 1.2651 -0.13565 1
4.3265 1.2626 -0.15524 1
4.3197 1.309 -0.10199 1
4.3228 1.278 -0.10257 1
4.3347 1.2683 -0.15459 1
4.2948 1.2512 -0.095376 1
4.3298 1.2812 -0.11778 1
4.3228 1.2758 -0.11574 1
4.3204 1.2688 -0.1605 1
4.3304 1.282 -0.080591 1
4.3229 1.2765 -0.080454 1
4.3306 1.2812 -0.08017 1
4.3013 1.268 -0.13993 1
4.3314 1.2854 -0.081835 1
4.3188 1.2846 -0.14276 1
4.3213 1.2893 -0.12004 1
4.3275 1.2941 -0.12195 1
4.3114 1.278 -0.13231 1
4.2948 1.7575 0.15619 1
4.555 1.1403 0.33881 1
5.0067 1.1572 0.56752 1
4.6581 1.1471 0.50744 1
4.3292 1.24 -0.14289 1
4.3088 1.2285 -0.15002 1
4.3217 1.2407 -0.14631 1
4.3278 1.2405 -0.1564 1
4.3372 1.2472 -0.13781 1
4.3315 1.245 -0.1449 1
4.3254 1.2489 -0.14334 1
4.3345 1.2565 -0.15841 1
4.3304 1.2604 -0.10062 1
4.3291 1.26 -0.10117 1
4.9965 1.1601 0.38241 1
4.9162 2.7788 0.64856 1
4.9603 2.8253 0.66782 1
4.9098 2.8432 0.9151 1
4.8992 2.9008 0.87758 1
4.328 1.3261 -0.14234 1
4.3195 1.287 -0.1405 1
4.3307 1.3082 -0.13674 1
4.322 1.3188 -0.15663 1
4.6948 3.6493 0.55533 1
4.9186 3.1127 0.88647 1
4.7842 3.5323 0.26842 1
4.7396 3.4576 0.13093 1
4.3283 1.317 -0.10073 1
4.3237 1.3022 -0.14284 1
4.3144 1.2995 -0.14117 1
4.3359 1.3463 -0.075454 1
4.3326 1.3429 -0.05907 1
4.324 1.323 -0.13712 1
4.3251 1.3223 -0.13621 1
4.3248 1.3528 -0.039632 1
4.3163 1.5796 -0.12808 1
4.3129 1.2767 -0.12507 1
4.3115 1.3381 -0.043891 1
4.3235 1.3519 -0.039871 1
4.5806 1.1175 0.86558 1
4.7397 1.1322 0.48176 1
4.9338 1.146 0.74538 1
5.0002 1.1882 0.50221 1
4.3418 1.2896 -0.12383 1
4.3262 1.3146 -0.10113 1
4.3249 1.3331 -0.060092 1
4.3463 1.3385 -0.12988 1
4.3222 1.3209 -0.15586 1
4.3336 1.3372 -0.12789 1
4.3224 1.3329 -0.14153 1
4.3261 1.328 -0.13026 1
4.3199 1.3313 -0.15625 1
4.293 1.7563 -0.10641 1
4.8095 2.5829 0.5416 1
4.7306 2.5084 0.52272 1
4.9379 2.7107 0.582 1
4.9847 2.8562 0.67911 1
4.9136 2.7402 0.5811 1
5.0458 2.9684 0.61378 1
4.9352 2.9781 1.0009 1
4.9346 2.863 0.096869 1
4.955 3.1611 1.0459 1
4.8739 3.3776 0.96352 1
4.8766 3.347 0.99563 1
4.7511 3.4956 0.52113 1
4.7614 3.5042 0.52534 1
4.7537 3.4917 0.52225 1
4.759 3.4817 0.52457 1
4.981 3.4667 0.93192 1
4.9239 3.4834 0.53282 1
4.9085 3.3246 0.86491 1
4.9093 3.3316 0.55868 1
4.3262 1.3296 -0.15208 1
4.3506 -0.56529 -0.18504 1
4.2894 1.7556 -0.10448 1
5.384 1.2168 0.37985 1
4.3231 1.227 -0.13631 1
4.3275 1.2394 -0.15776 1
4.3305 1.2605 -0.13908 1
4.3343 1.2627 -0.10096 1
4.3239 1.2564 -0.13662 1
4.333 1.1725 0.019995 1
4.3377 1.177 0.017318 1
4.3286 1.2174 -0.15875 1
4.329 1.2191 -0.15826 1
4.3162 1.2258 -0.060296 1
4.3067 1.2194 -0.061135 1
4.2946 1.7574 0.024438 1
4.2925 1.7558 0.024681 1
4.2959 1.7617 -0.1059 1
4.7859 1.1507 0.33398 1
4.9442 1.1451 0.41318 1
5.6408 1.1725 0.46283 1
4.3262 1.2303 -0.13754 1
4.3255 1.2718 -0.14681 1
4.3253 1.379 0.017698 1
4.272 1.7284 0.53452 1
4.3152 1.5787 -0.12926 1
4.3152 1.5775 -0.1287 1
5.7774 1.1846 0.55932 1
4.3298 1.2801 -0.097175 1
4.3367 1.1684 0.014223 1
4.3279 1.26 -0.15829 1
4.3313 1.2845 -0.10196 1
4.3295 1.2172 -0.14139 1
4.3253 1.3373 -0.14072 1
4.3244 1.3365 -0.15827 1
4.7735 1.1426 0.32274 1
4.3273 1.3174 -0.099862 1
4.327 1.3383 -0.077483 1
4.3231 1.268 -0.094969 1
4.3234 1.267 -0.09409 1
4.3373 1.2529 -0.14028 1
4.3373 1.2688 -0.14479 1
4.3264 1.3208 -0.15806 1
4.3304 1.2339 -0.1586 1
4.3217 1.316 -0.15707 1
4.3556 1.348 0.044998 1
4.3233 1.3181 -0.13786 1
4.3278 1.3386 -0.075932 1
4.3317 1.3273 -0.1389 1
4.325 1.3354 -0.076839 1
4.3252 1.3376 -0.14063 1
4.3314 1.3446 -0.1423 1
4.3245 1.3371 -0.15826 1
4.3221 1.3095 -0.14193 1
4.3244 1.3183 -0.15909 1
4.3288 1.3594 -0.037898 1
4.3255 1.3802 0.018711 1
4.326 1.3566 -0.037981 1
4.9715 1.152 0.30298 1
6.0271 -1.2451 0.30382 1
4.3648 -0.56726 -0.17415 1
4.3898 -0.57372 -0.15455 1
4.3868 -0.57289 -0.17099 1
4.4205 -0.59 -0.17821 1
4.4108 -0.57206 -0.090471 1
4.4109 -0.57258 -0.090618 1
4.3283 -0.52226 -0.088603 1
4.4121 -0.57106 -0.15465 1
4.4337 -0.57073 -0.072245 1
4.4327 -0.56647 -0.11003 1
5.0825 1.1654 0.25149 1
5.0373 1.1594 -0.18673 1
4.1914 -0.58406 0.10844 1
4.3115 -0.57707 0.0063276 1
4.3729 -0.57367 -0.072234 1
4.3917 -0.5691 -0.19015 1
4.5232 -0.56537 0.012541 1
4.3344 -0.57333 -0.05306 1
4.3743 -0.56874 -0.075546 1
4.4178 -0.56562 -0.15624 1
4.4088 -0.57415 -0.18739 1
4.4431 -0.56836 -0.076095 1
4.4882 -0.56718 -0.054407 1
4.4679 -0.57164 -0.10065 1
4.5119 -0.5475 0.64272 1
4.574 -0.56022 -0.19476 1
4.2889 1.7558 -0.10386 1
4.3368 1.1442 -0.084366 1
4.3365 1.1745 0.038565 1
4.3307 1.2203 -0.15649 1
4.3387 1.2927 -0.11611 1
4.3308 1.3321 0.039271 1
4.333 1.296 -0.12512 1
4.3286 1.3414 -0.1424 1
4.3463 1.346 -0.15515 1
4.359 1.3357 -0.15549 1
4.3583 -0.56912 -0.18157 1
4.4144 -0.56635 -0.15615 1
4.4276 -0.57052 -0.127 1
3.6102 -0.59849 -0.058525 1
3.6107 -0.59743 -0.058896 1
4.5242 -0.56489 0.0085206 1
4.4179 -0.57765 -0.12069 1
4.4724 -0.56679 -0.13504 1
4.4714 -0.56633 -0.13518 1
4.4233 -0.57006 -0.10049 1
4.332 -0.5774 -0.05096 1
4.3509 -0.57566 -0.17519 1
4.3722 -0.57348 -0.088138 1
4.3706 -0.57348 -0.1128 1
4.3698 -0.57222 -0.15385 1
4.3736 -0.57383 -0.1705 1
4.3712 -0.57335 -0.15461 1
4.3741 -0.57226 -0.16884 1
4.3879 -0.57231 -0.15503 1
4.3513 -0.57408 -0.17625 1
4.3739 -0.57252 -0.083894 1
4.4046 -0.56984 -0.078044 1
4.4043 -0.57358 -0.15714 1
4.4716 -0.56893 -0.098535 1
4.4659 -0.56834 -0.16564 1
4.4496 -0.57056 -0.14715 1
5.6287 1.259 0.54152 1
4.2968 -0.58033 0.058503 1
4.3706 -0.57314 -0.13011 1
4.371 -0.57061 -0.155 1
4.4301 -0.57029 -0.13012 1
4.4386 -0.56796 -0.1057 1
4.4325 -0.56605 -0.1761 1
4.3496 -0.57156 -0.1896 1
4.4427 -0.56163 -0.11747 1
4.4693 -0.56646 -0.1707 1
4.5752 -0.56474 -0.17119 1
4.3849 -0.57334 -0.17699 1
4.3881 -0.57381 -0.15529 1
4.4105 -0.57333 -0.08781 1
4.3939 -0.57158 -0.16992 1
4.3951 -0.57454 -0.17184 1
4.4093 -0.5722 -0.17271 1
4.4128 -0.56996 -0.1551 1
4.4299 -0.57112 -0.10931 1
4.4339 -0.56932 -0.072741 1
4.4534 -0.57111 -0.073019 1
4.4294 -0.5703 -0.19282 1
4.45 -0.5672 -0.15215 1
4.4582 -0.56849 -0.088508 1
4.4731 -0.56788 -0.093711 1
4.4723 -0.56721 -0.11088 1
4.4709 -0.56676 -0.11058 1
4.4703 -0.56591 -0.1099 1
4.4717 -0.56674 -0.13546 1
4.4718 -0.56736 -0.17339 1
4.4937 -0.56782 -0.052957 1
4.5588 -0.55864 -0.16024 1
4.3995 -0.5928 -0.17842 1
4.3638 -0.57346 -0.17611 1
4.408 -0.5722 -0.084901 1
4.4153 -0.57168 -0.15622 1
4.4375 -0.57156 -0.073294 1
4.4523 -0.57196 -0.073412 1
4.4256 -0.56906 -0.18866 1
4.459 -0.56799 -0.08621 1
4.441 -0.56859 -0.11699 1
4.4543 -0.56629 -0.13549 1
4.4643 -0.56994 -0.13707 1
4.4554 -0.56892 -0.090413 1
4.371 -0.57273 -0.17545 1
4.3189 -0.57632 0.0025154 1
4.437 -0.56718 -0.17822 1
6.0215 -1.2403 0.29632 1
6.0265 -1.2451 0.2883 1
6.0289 -1.2445 0.29131 1
4.4308 -0.57006 -0.1316 1
4.43 -0.571 -0.11454 1
4.4314 -0.57064 -0.13239 1
4.4315 -0.5703 -0.13265 1
4.4326 -0.56844 -0.17598 1
4.451 -0.56872 -0.15294 1
4.4537 -0.56682 -0.13461 1
4.4728 -0.56697 -0.11185 1
3.5489 -0.58296 0.16308 1
3.5492 -0.58828 0.16427 1
3.5991 -0.59375 0.2575 1
3.5894 -0.57901 -0.14782 1
4.4046 -0.56964 -0.16779 1
3.5459 -0.59539 0.16519 1
4.3864 -0.57162 -0.15559 1
4.3719 -0.57047 -0.11964 1
4.3793 -0.57375 -0.15787 1
4.4281 -0.5692 -0.19157 1
4.3731 -0.57535 -0.11406 1
4.4463 -0.57071 -0.14691 1
4.3765 -0.56814 -0.18325 1
4.4404 -0.5678 -0.10731 1
4.3931 -0.57045 -0.17703 1
4.4557 -0.5677 -0.088852 1
4.4719 -0.56905 -0.10839 1
6.0098 -2.0465 0.42602 1
4.3709 -0.57525 -0.15406 1
4.3887 -0.57339 -0.17591 1
4.3908 -0.57903 -0.17736 1
4.389 -0.57281 -0.15452 1
4.4124 -0.57446 -0.071837 1
4.3916 -0.57082 -0.17247 1
4.413 -0.57248 -0.15485 1
4.4288 -0.57152 -0.108 1
4.4354 -0.56762 -0.11515 1
4.4251 -0.56638 -0.12558 1
6.0157 -2.237 0.39625 1
4.3716 -0.57494 -0.17552 1
4.3704 -0.5739 -0.089802 1
4.3702 -0.57386 -0.11267 1
4.3721 -0.57289 -0.17594 1
4.387 -0.5745 -0.17711 1
4.4085 -0.57402 -0.17051 1
4.4351 -0.57133 -0.072256 1
4.3646 -0.5744 -0.16902 1
4.3657 -0.57496 -0.19041 1
4.3775 -0.57444 -0.15661 1
4.3816 -0.57487 -0.17901 1
4.5656 -0.56403 -0.14663 1
4.562 -0.56113 -0.13069 1
6.2938 -3.8674 1.2316 1
4.3893 -0.57352 -0.1548 1
4.4211 -0.56217 -0.1147 1
4.4464 -0.5609 -0.00062667 1
4.5175 -0.55297 0.01054 1
4.4096 -0.57319 -0.072881 1
6.1083 -1.1458 0.25902 1
3.6111 -0.59194 -0.058231 1
4.4297 -0.57142 -0.12814 1
4.5338 -0.55355 0.63936 1
6.1226 -0.81791 0.81502 1
4.3144 -0.57731 0.005331 1
4.442 -0.56716 -0.10604 1
4.3729 -0.57384 -0.12745 1
4.3792 -0.57244 -0.17959 1
4.4059 -0.54599 -0.10369 1
4.4424 -0.57237 -0.11743 1
4.4479 -0.55025 -0.16646 1
4.5375 -0.56393 0.64541 1
6.1418 -2.7714 1.7887 1
6.1499 -3.32 1.1497 1
4.4345 -0.56827 -0.072442 1
4.4358 -0.56885 -0.11712 1
4.4743 -0.58676 -0.11078 1
6.0984 -1.1422 0.25528 1
6.1421 -3.429 1.1483 1
4.5864 -3.6494 0.69308 1
4.6282 -2.8913 0.5961 1
4.6766 -4.8243 1.2408 1
6.2908 -4.5262 1.1194 1
6.4685 -4.8989 1.3846 1
6.2444 -4.1079 1.2382 1
6.2344 -4.0792 1.2294 1
6.2758 -4.1679 1.3278 1
4.6802 -4.5578 1.199 1
6.0885 -3.3197 1.1027 1
6.0733 -1.9941 0.12947 1
6.2278 -4.1988 1.1422 1
6.1898 -3.8846 0.53302 1
4.5618 -1.1056 -0.017654 1
4.6676 -4.8187 0.19557 1
6.1657 -3.3666 1.0662 1
6.132 -3.6002 1.1335 1
6.1434 -3.0211 -0.30158 1
4.6856 -4.8185 1.0659 1
4.6309 -3.5488 0.65601 1
6.2637 -4.2788 0.99721 1
6.1482 -3.7628 0.51838 1
6.1494 -4.7924 -0.32205 1
0.40336 0.89167 1.2931 1
0.38409 0.83937 0.53545 1
0.47725 0.81187 0.097326 1
0.68888 0.8517 0.32224 1
1.4697 1.1305 0.60357 1
0.48118 0.85916 0.47498 1
0.48191 0.81934 0.10119 1
0.41222 0.88738 0.18395 1
0.38689 0.83941 0.53736 1
0.3758 0.84821 0.13535 1
0.37371 0.83571 0.54004 1
0.54827 0.83894 0.094458 1
2.8311 0.91355 1.2777 1
1.8941 0.86373 0.75977 1
2.3123 0.88292 0.71381 1
2.2394 0.87448 0.079021 1
2.957 0.97347 0.022528 1
0.29571 0.82814 0.76422 1
1.5515 1.2787 0.82734 1
0.3784 0.83522 0.53449 1
0.47552 0.85496 0.4735 1
0.77984 0.85052 0.53444 1
0.96721 0.85325 0.41839 1
1.1158 0.81718 0.0037219 1
1.3027 0.84175 0.93988 1
1.525 0.83537 0.27679 1
1.814 0.87797 0.57236 1
1.9842 0.88255 0.94403 1
1.857 0.85237 0.40701 1
0.66942 0.85159 0.59768 1
0.69108 0.85564 0.58849 1
0.77998 0.84825 0.52744 1
0.77092 0.83552 0.29781 1
0.86563 0.87479 0.46652 1
1.1088 0.83836 -0.014452 1
1.4432 0.90814 0.98195 1
1.3468 0.89928 0.01031 1
1.7184 0.87603 0.2457 1
2.2517 1.0325 0.49103 1
1.9792 0.87819 1.2997 1
0.45862 0.96956 0.66603 1
0.32735 0.90564 0.19786 1
0.27248 0.83071 0.026709 1
0.38315 0.83958 0.53778 1
0.38697 0.82473 0.17869 1
0.26763 0.77403 0.16841 1
0.50555 0.84873 0.66032 1
0.4621 0.83977 0.15865 1
0.62372 0.83136 0.71792 1
0.67697 0.85063 0.32425 1
0.77473 0.84638 0.52644 1
1.1862 0.86165 1.0406 1
2.5913 1.0049 0.87166 1
2.1924 0.90403 1.2142 1
2.1188 0.88508 1.1929 1
0.36078 0.84063 0.0038527 1
0.36059 0.83839 0.047339 1
0.38011 0.84119 0.18296 1
0.38778 0.84683 0.43735 1
0.46817 0.82308 0.11324 1
0.4619 0.8175 0.10937 1
0.57657 0.85154 0.52468 1
0.997 1.0195 0.045266 1
0.94637 0.82881 0.29668 1
1.2247 0.85312 0.18616 1
1.3301 0.83706 0.50489 1
1.5428 0.84866 0.2834 1
1.8758 0.9388 0.21418 1
1.7247 0.84639 0.55035 1
1.326 0.86221 0.37373 1
1.3344 0.84162 -0.019046 1
1.4205 0.84324 0.35609 1
1.4447 0.85564 0.22714 1
1.501 0.84505 0.24266 1
1.5092 0.85618 0.36825 1
1.5467 0.85575 0.15614 1
1.565 0.85446 0.2832 1
1.5624 0.83438 0.28422 1
1.8961 0.85958 0.74783 1
2.7094 0.89071 0.97069 1
1.4051 0.81376 -0.043133 1
1.6099 0.85776 0.30515 1
1.8217 0.87846 0.31366 1
1.8966 0.87085 0.24584 1
1.9699 0.85913 0.69217 1
0.67379 0.83254 0.23946 1
0.94736 0.85186 0.25641 1
0.94477 0.84633 0.16964 1
1.1153 0.84342 0.12089 1
1.1363 0.85505 -0.015358 1
1.3525 0.8442 0.28482 1
2.0261 0.92555 0.48561 1
1.5333 0.65925 0.59727 1
5.5063 1.2045 0.49285 1
2.128 0.85088 0.63887 1
1.7172 0.86482 0.15503 1
1.7247 0.84147 0.27457 1
1.8058 0.87934 0.43646 1
1.8942 0.85114 0.53042 1
1.9102 0.86738 0.2322 1
1.9333 0.85674 0.5351 1
2.1982 0.88948 0.31163 1
2.2124 0.86061 0.72214 1
2.6864 0.89798 0.40508 1
4.2213 1.4944 1.1477 1
4.3783 1.3613 -0.089014 1
4.2702 1.2265 -0.077606 1
1.1908 0.87642 0.42549 1
1.1816 0.84812 0.68332 1
1.2008 0.85455 0.68601 1
1.1806 0.84612 0.54897 1
1.1575 0.84041 0.29007 1
1.5594 0.90887 0.27912 1
1.4649 0.851 0.73301 1
1.7948 0.93334 0.014814 1
1.7274 0.8397 0.24538 1
1.8634 0.84818 0.98905 1
1.9571 0.87727 0.89295 1
2.5429 0.89515 0.85415 1
2.7084 0.87911 0.9476 1
2.8001 0.90627 1.27 1
2.361 0.80514 0.072807 1
1.2333 0.84819 0.098242 1
0.85178 0.84693 0.10456 1
0.93639 0.8453 0.032885 1
0.94675 0.84953 0.16929 1
0.93263 0.84486 -0.0070017 1
1.14 0.95001 0.4651 1
1.1424 0.86001 0.25451 1
1.2585 0.86836 0.32054 1
1.343 0.87074 0.25988 1
1.3648 0.88478 0.43469 1
1.5275 0.86453 0.6425 1
0.69986 1.0076 0.54093 1
0.65343 0.8562 0.45866 1
0.76782 0.85172 0.66591 1
0.73937 0.84325 0.038983 1
0.7521 0.84641 0.040072 1
0.76517 0.83473 0.30165 1
0.97369 0.86155 0.42688 1
0.94096 0.83122 0.4042 1
0.28112 0.84893 0.48216 1
0.2899 0.84177 0.3892 1
0.29176 0.8304 0.24611 1
0.389 0.84959 0.43908 1
0.4639 0.82097 0.11195 1
0.65094 0.84302 0.72822 1
0.59427 0.84103 -0.0053002 1
0.64618 0.85436 0.46334 1
0.67716 0.85282 0.59541 1
0.82061 0.85329 0.45481 1
0.90191 0.84035 0.60515 1
0.98282 0.85761 0.41634 1
1.0682 0.85725 0.14172 1
1.073 0.83379 0.60375 1
1.171 0.85319 0.51901 1
1.149 0.85323 -0.014428 1
1.3204 0.84971 0.89138 1
1.5326 0.90331 0.14136 1
1.5086 0.87499 0.27099 1
1.838 0.88507 0.43852 1
1.8953 0.85609 1.0554 1
2.7287 1.0284 0.63804 1
4.3166 1.2849 -0.083231 1
4.3713 1.2646 -0.15261 1
4.3654 1.263 -0.13213 1
4.5756 1.109 0.82486 1
4.3321 1.2311 -0.11742 1
4.3373 1.1822 0.017959 1
4.3381 1.2431 -0.060975 1
4.3271 1.2188 -0.15387 1
4.3359 1.1978 -0.0392 1
4.6156 1.1461 0.3882 1
4.6729 1.1233 0.49557 1
4.7062 1.1417 0.50514 1
4.7386 1.1454 0.50494 1
4.7091 1.125 0.49321 1
4.7538 1.1432 0.47597 1
4.8084 1.162 0.48317 1
4.817 1.1506 0.50393 1
4.8325 1.1554 0.50658 1
4.859 1.1503 0.47617 1
4.8675 1.1536 0.47716 1
4.9547 1.1514 0.50164 1
5.0212 1.1662 0.44254 1
5.0525 1.1657 0.35303 1
5.4041 1.225 0.37642 1
5.6163 1.3077 0.53756 1
5.6425 1.3207 0.54724 1
5.5579 1.2133 0.37233 1
4.5233 -0.56422 0.009288 1
4.472 -0.56824 -0.09451 1
4.3406 1.2327 -0.094245 1
4.7328 1.1419 0.476 1
4.7431 1.1487 0.47619 1
4.7902 1.1547 0.479 1
4.8454 1.1617 0.51179 1
4.8375 1.1169 0.36112 1
4.9845 1.1714 0.48142 1
4.9655 1.1608 0.50835 1
5.0197 1.1657 0.57275 1
5.0829 1.1702 0.32772 1
5.4322 1.2819 0.37142 1
5.4478 1.2437 0.38418 1
5.2589 1.1459 0.34431 1
5.8016 1.3214 0.44125 1
4.5254 -0.57621 0.01546 1
4.5691 -0.56044 -0.17065 1
4.3841 -0.57532 -0.17809 1
5.0299 1.174 0.38859 1
5.0187 1.1666 0.38442 1
5.6394 1.2525 0.39355 1
5.6445 1.1736 0.4595 1
4.4372 -0.56965 -0.10966 1
4.4716 -0.56685 -0.17362 1
6.112 -0.80956 0.81581 1
4.1918 -0.5869 0.10682 1
4.389 -0.5796 -0.16823 1
4.4492 -0.56773 -0.15093 1
4.4354 -0.56445 -0.10826 1
4.2866 -0.58117 0.014112 1
4.3004 -0.58702 0.059718 1
4.429 -0.57035 -0.11301 1
4.3864 -0.57248 -0.17519 1
4.562 -0.55993 -0.17436 1
4.4377 -0.58511 -0.11772 1
4.4351 -0.57103 -0.072606 1
5.8054 1.25 0.48499 1
4.5613 -0.55599 -0.16696 1
5.1545 1.1998 0.419 1
5.1013 1.1758 0.40849 1
5.0701 1.165 0.32068 1
5.0945 1.1699 0.21864 1
5.7345 1.3636 0.57893 1
4.3782 -0.57676 -0.11423 1
4.3918 -0.57105 -0.19163 1
4.3733 -0.56934 -0.16718 1
4.4066 -0.57215 -0.16852 1
4.4304 -0.57427 -0.10362 1
4.4421 -0.572 -0.11468 1
4.4484 -0.56991 -0.14988 1
4.4471 -0.56626 -0.14895 1
4.7896 1.1505 0.38171 1
4.381 -0.57405 -0.18768 1
4.4156 -0.55797 -0.10736 1
4.4011 -0.55904 -0.071376 1
4.4367 -0.565 -0.11556 1
4.5664 -0.56146 -0.19267 1
4.4728 -0.58717 -0.13727 1
4.4429 -0.57805 -0.074232 1
3.1819 -0.54823 0.62924 1
4.3644 -0.56064 -0.17347 1
4.5309 -0.58082 0.010981 1
4.45 -0.56955 -0.089847 1
4.3814 -0.55073 -0.078084 1
4.413 -0.55367 -0.1648 1
4.1736 -0.55081 0.10482 1
4.19 -0.57517 0.1097 1
4.3511 -0.55166 -0.18847 1
4.358 -0.56717 -0.16884 1
4.3651 -0.57785 -0.16742 1
4.4526 -0.57301 -0.073304 1
4.4354 -0.56798 -0.17682 1
4.17 -0.5476 0.10456 1
4.3528 -0.5675 -0.17055 1
4.3752 -0.57929 -0.086653 1
4.4285 -0.569 -0.19218 1
4.4904 -0.49938 0.01062 1
4.4023 -0.57259 -0.15257 1
2.8127 1.6145 0.072035 1
2.803 1.6 0.030343 1
2.816 1.6127 0.074839 1
2.8263 1.5284 0.39357 1
2.8211 1.5191 0.39513 1
2.8478 1.5682 0.37717 1
2.8298 1.5151 0.4858 1
2.8251 1.5189 0.39215 1
2.8337 1.5087 0.13235 1
2.8352 1.5134 0.13307 1
2.834 1.3248 0.53296 1
2.8202 1.3147 -0.048054 1
2.8219 1.419 -0.064961 1
2.8308 1.4106 0.069491 1
2.836 1.4193 0.068904 1
2.8436 1.4313 0.064413 1
2.8372 1.4106 0.19277 1
2.8385 1.4105 0.05846 1
2.8101 1.3154 0.36393 1
2.8178 1.3009 0.22349 1
4.4431 -0.54966 -0.14267 1
4.5157 -0.72089 -0.081826 1
2.8134 1.025 0.43233 1
4.3767 1.1304 -0.13612 1
4.3668 1.1356 -0.14292 1
4.376 1.1274 -0.13938 1
2.823 0.94023 0.40242 1
2.8376 0.92761 0.48478 1
2.8265 0.90441 0.30058 1
2.8219 0.90703 0.030677 1
2.8365 0.92298 0.22602 1
2.8456 0.94004 0.19522 1
2.8308 0.92089 -0.037774 1
2.842 0.93178 0.22116 1
2.8318 0.92015 0.062929 1
2.8382 0.92269 0.28974 1
2.8374 0.92043 0.2917 1
2.8347 0.9209 0.086546 1
2.8307 0.92401 0.00030721 1
2.8274 0.91601 -0.0016305 1
2.8436 0.93778 0.067331 1
2.8319 0.91952 -0.04828 1
2.8465 2.0356 0.17042 1
2.8251 1.8814 0.1224 1
4.381 1.8858 0.55498 1
4.9236 1.9178 0.5489 1
4.9116 1.9293 0.5438 1
4.9137 1.9176 0.28452 1
4.4167 1.8179 0.57216 1
4.9107 1.9204 0.28399 1
4.9128 1.9167 0.021326 1
4.6543 1.9207 0.13415 1
2.8266 1.6895 0.024271 1
2.8115 1.5637 0.28456 1
4.2928 1.5649 -0.051055 1
4.3378 1.4256 -0.055056 1
2.8189 1.1054 0.35239 1
2.8148 1.0964 0.35734 1
4.3967 1.1145 0.58377 1
4.3204 1.2418 0.53835 1
2.8359 1.0951 0.047946 1
2.8476 0.97443 0.63505 1
2.8511 0.95496 0.65985 1
2.8339 0.91652 0.083214 1
2.8076 0.85631 0.34563 1
2.7819 1.753 0.46817 1
2.8202 1.6968 0.51007 1
2.8223 1.7027 0.49999 1
2.8221 1.6789 0.26966 1
2.8394 1.7006 0.25498 1
2.8137 1.6198 0.15847 1
2.8284 1.1284 0.23258 1
2.8333 0.9228 -0.067706 1
2.8321 0.91974 -0.065879 1
2.8299 0.91764 -0.069237 1
4.3523 -0.5778 -0.062814 1
2.805 1.6148 0.17964 1
4.3711 1.3865 0.019508 1
4.37 1.3551 -0.037403 1
4.3587 1.3729 -0.041058 1
4.3592 1.3657 -0.042597 1
4.352 1.3551 -0.059995 1
4.3538 1.3565 -0.063349 1
4.3643 1.3297 -0.05032 1
2.8216 1.2094 -0.066472 1
2.8409 1.2136 0.063838 1
4.3705 1.2505 -0.059927 1
2.8213 0.86532 0.52104 1
2.841 0.91687 0.61282 1
2.8431 0.93102 0.62661 1
2.817 0.90506 -0.022421 1
2.827 1.1254 0.087486 1
2.8327 1.1274 0.26946 1
2.8258 1.1173 0.22626 1
2.8304 1.1219 0.22088 1
2.8266 1.1163 0.22262 1
2.829 1.1222 -0.048717 1
2.8284 1.1187 -0.00017676 1
2.8166 1.1097 0.35566 1
2.8241 1.1152 -0.043406 1
2.8398 1.1106 0.27039 1
2.8388 1.0968 -0.0010315 1
2.8253 1.0428 0.41666 1
2.8369 1.0449 0.30108 1
2.8257 1.0144 0.16631 1
2.8372 1.0317 0.2885 1
2.8365 1.0301 0.1571 1
2.8357 1.0241 0.15362 1
2.8379 1.0346 0.066031 1
2.8478 1.0174 0.28047 1
2.8369 0.99938 0.065359 1
2.8476 1.0085 0.058401 1
2.8402 1.0057 -0.065862 1
2.8231 0.93236 0.35052 1
2.8233 0.93932 0.42979 1
2.8156 0.92158 0.42896 1
2.8223 0.89571 0.31678 1
2.8179 0.91517 0.36219 1
2.8288 0.93957 0.35301 1
2.8241 0.92365 0.47694 1
4.4836 -0.57765 -0.062578 1
2.8387 1.191 0.18723 1
2.8379 1.197 0.1917 1
2.8136 1.1052 0.24346 1
2.8185 1.1165 -0.037666 1
4.3854 1.197 -0.043949 1
4.365 1.2239 -0.15672 1
2.8175 1.1106 0.35649 1
2.8211 1.1174 0.355 1
4.3768 1.196 -0.039262 1
4.3745 1.201 -0.0388 1
4.3757 1.2002 -0.040745 1
2.8282 1.1192 0.00050705 1
2.8276 1.1163 0.39727 1
4.3992 1.1566 0.043267 1
4.3864 1.1589 0.027405 1
4.5106 -0.69344 -0.18473 1
2.8508 2.0459 0.23885 1
2.8484 2.0339 0.17526 1
2.8278 1.9845 0.056115 1
2.8017 3.6387 0.18725 1
2.7753 3.5581 0.11051 1
2.8013 3.5584 0.47722 1
2.7988 3.5438 0.48304 1
2.7796 3.5497 0.34778 1
2.8003 3.5591 0.46663 1
2.801 3.5106 0.40508 1
2.7777 3.4334 0.43092 1
2.7732 3.4143 0.4344 1
2.6826 3.141 0.23987 1
2.7931 3.383 0.010979 1
2.826 3.4135 0.23421 1
2.796 3.3147 0.25031 1
2.8985 2.3572 0.49452 1
2.8295 1.9364 -0.010023 1
4.3502 1.8683 1.0105 1
4.3351 1.9007 0.99018 1
4.3545 1.8369 1.0119 1
4.2864 1.9139 0.9232 1
4.3495 1.3329 -0.047633 1
2.883 2.1437 0.63111 1
2.8096 1.9095 0.062514 1
2.8041 1.8536 -0.073403 1
2.823 1.8729 0.10812 1
5.0422 1.9831 0.31812 1
4.9159 1.9173 0.28392 1
2.828 1.6129 0.68471 1
2.8111 1.3417 0.11799 1
4.3819 1.1807 0.91977 1
4.4498 0.92443 0.83927 1
4.3396 1.2518 0.73769 1
2.7854 3.6486 0.28688 1
2.7805 3.6354 0.28493 1
2.7855 3.4426 0.15706 1
2.7762 3.4187 0.20399 1
2.7774 3.4268 0.16374 1
2.787 3.4432 0.29011 1
2.7945 3.4545 0.2812 1
2.7771 3.4215 0.15356 1
2.7844 3.4379 0.07072 1
2.7666 3.4238 0.42285 1
2.7844 3.415 0.28864 1
2.7791 3.6357 0.15256 1
2.7856 3.61 0.1965 1
2.7707 3.5255 0.35712 1
4.2908 3.6653 0.27431 1
4.3236 3.6292 0.2761 1
4.3022 3.6534 0.4033 1
4.2962 3.6601 0.40061 1
4.2967 3.6582 0.27537 1
4.2971 3.6565 0.27545 1
4.2883 3.6654 0.14661 1
4.31 3.6398 0.14843 1
4.3009 3.648 0.15034 1
4.2972 3.6535 0.14809 1
4.3049 3.6454 0.024286 1
4.2952 3.6574 -0.1182 1
4.3006 3.6483 0.017186 1
4.2955 3.6534 0.016456 1
4.2982 3.6507 0.017845 1
4.2971 3.6496 -0.11374 1
4.3016 3.6432 -0.11328 1
2.804 3.5596 -0.0034504 1
2.7583 3.4072 0.17863 1
2.7887 3.4501 0.29244 1
2.7728 3.4379 0.034873 1
2.8015 3.4585 0.2789 1
2.7805 3.4365 0.42934 1
2.7819 3.3548 -0.063016 1
2.7579 3.2742 -0.062633 1
2.8492 2.0451 0.5538 1
2.7366 1.4387 0.30325 1
4.3361 1.9356 1.1474 1
4.4455 1.3893 1.0961 1
2.783 3.4359 0.07072 1
2.7986 3.4492 0.14374 1
2.793 3.437 0.33316 1
2.7939 3.4382 0.28141 1
2.7999 3.4493 0.32464 1
2.7884 3.4209 0.28207 1
2.7526 3.3433 0.16412 1
2.7966 3.4138 0.19232 1
2.7855 3.4079 0.018387 1
2.7224 3.2751 0.075273 1
2.7915 3.4025 0.061098 1
2.7763 3.311 0.41311 1
2.7885 3.3516 0.0081402 1
2.7756 3.3276 0.013569 1
2.8541 2.0307 0.67244 1
2.8359 2.0008 0.027502 1
2.8338 2.0237 -0.0032081 1
2.8454 2.0517 -0.0073933 1
2.8581 2.0712 -0.08282 1
2.8146 1.8782 0.18937 1
2.8455 1.9568 0.46613 1
5.0787 1.9745 0.57714 1
2.8384 1.9908 0.043915 1
2.8641 2.0798 -0.020559 1
5.0379 1.9927 0.32119 1
5.0409 1.991 0.53447 1
5.038 1.9921 0.53322 1
5.0407 1.979 0.096453 1
5.0164 2.0201 0.20302 1
5.0297 1.9867 -0.13103 1
4.93 1.9071 0.55001 1
4.3808 1.5701 1.022 1
4.3911 1.5367 1.0322 1
2.8078 1.809 0.30154 1
2.825 1.8361 0.28951 1
2.7534 1.6554 0.22458 1
2.8278 1.797 -0.067795 1
2.8207 1.704 0.49752 1
2.8245 1.7094 0.49224 1
2.8184 1.7221 0.39461 1
2.8181 1.7213 0.39464 1
2.8361 1.699 0.25982 1
2.7758 1.5958 0.14455 1
2.8203 1.6236 0.20343 1
2.8675 1.7292 0.061666 1
2.8051 1.5762 0.27987 1
2.8295 1.5135 0.49138 1
2.8311 1.4397 0.56207 1
2.809 1.404 0.42256 1
2.8526 1.4523 0.57865 1
4.3779 1.2766 -0.080804 1
4.3239 1.2014 -0.14926 1
2.8164 0.9845 0.19033 1
2.8505 0.96453 0.6566 1
5.3656 -2.9754 1.9009 1
4.363 1.3567 -0.043688 1
2.8515 1.1159 0.56919 1
4.4369 1.1071 -0.038948 1
4.3583 1.3725 -0.043709 1
4.3909 1.1345 0.91622 1
4.4151 1.0713 0.94291 1
2.8355 0.75634 1.1114 1
2.8504 2.0338 0.66584 1
2.8181 1.9253 0.19201 1
2.8421 2.042 -0.068796 1
2.7988 0.56935 1.406 1
5.0593 1.9818 0.56669 1
4.386 1.7744 1.0459 1
4.349 1.8587 1.0052 1
4.3768 1.5939 1.0179 1
4.4539 1.377 1.1094 1
4.3684 1.624 1.0114 1
4.3946 1.1402 0.93213 1
4.3718 1.1529 0.59239 1
2.8419 0.52659 1.2708 1
4.6241 -0.23297 2.0831 1
5.0279 2.4266 0.54286 1
2.8278 1.9134 0.57901 1
2.8471 2.0494 0.27884 1
2.8174 1.9467 0.064741 1
5.0619 2.0616 0.92909 1
5.0637 2.0546 1.0122 1
2.7375 1.567 0.44661 1
4.9965 2.1641 0.89815 1
5.0169 2.1351 0.90569 1
2.8493 0.94866 0.79947 1
2.8365 0.99116 -0.023371 1
2.8373 0.93358 0.022221 1
2.7954 3.3253 -0.048894 1
2.7857 3.9206 0.27524 1
2.7372 3.8569 0.43017 1
2.7813 3.8457 0.2838 1
2.7745 3.8323 0.28907 1
2.776 3.8329 0.15116 1
2.7654 3.8268 0.41349 1
2.7661 3.316 0.21334 1
2.7836 3.3505 0.14539 1
4.5165 1.9163 0.54412 1
2.8432 1.9307 0.12471 1
2.8098 1.8132 0.44388 1
2.8269 1.8062 0.19658 1
2.8306 1.8088 0.066599 1
4.5068 1.9176 0.54631 1
2.8121 1.7005 0.39678 1
2.8095 1.6564 0.14081 1
2.8188 1.639 0.16689 1
2.8055 1.6438 0.043499 1
2.834 1.511 0.2628 1
2.8354 1.51 0.25895 1
2.841 1.3821 0.050825 1
2.8042 1.7757 0.57543 1
2.8274 1.8778 0.1279 1
2.8247 1.8515 0.43374 1
2.8163 1.6882 0.51531 1
4.9412 1.8899 0.15282 1
4.9165 1.9128 0.15261 1
4.7971 1.8925 0.54952 1
4.9127 1.9163 0.019665 1
2.8348 1.6133 0.064775 1
2.7821 1.2912 0.40924 1
2.8341 1.3805 0.59992 1
2.8388 1.4264 0.063867 1
4.3081 1.4592 -0.044071 1
4.3893 1.1281 0.82032 1
2.8474 1.017 0.24056 1
2.815 1.7182 0.094426 1
2.8284 1.739 0.0012055 1
2.8265 1.739 0.001195 1
2.8134 1.6545 0.27555 1
2.8187 1.6231 0.025399 1
2.8279 1.6024 -0.062673 1
2.852 1.4888 0.54912 1
2.8288 1.3761 0.36286 1
2.8228 1.3141 0.27146 1
2.8266 1.3275 0.22293 1
2.8316 1.2687 0.41824 1
2.8266 1.2327 0.15868 1
4.3776 1.1412 0.52113 1
2.8246 1.8648 0.29231 1
4.3694 1.9032 0.55746 1
4.3627 1.9131 0.55527 1
4.653 1.9048 0.5484 1
4.6464 1.9254 0.53969 1
4.3818 1.837 -0.1317 1
4.6559 1.9173 0.13451 1
2.8756 1.8825 0.039214 1
2.8257 0.85956 0.95306 1
2.8488 0.94952 0.92677 1
2.8437 1.0894 -0.0097871 1
2.8149 1.0029 0.17692 1
2.791 0.96141 0.4336 1
2.8479 0.96685 0.17827 1
4.5503 0.81037 0.58596 1
2.8406 0.96426 0.03647 1
2.8382 0.91522 0.48562 1
2.8331 2.0146 0.25167 1
4.3724 1.2448 -0.043634 1
4.3986 1.1043 0.67341 1
4.378 1.1327 0.56541 1
4.3574 1.192 0.5332 1
2.828 0.92707 -0.025352 1
2.7781 0.79412 0.38533 1
2.8455 2.0358 0.24108 1
2.8673 2.0792 0.39975 1
2.8263 1.897 0.1332 1
2.8112 1.8336 0.13394 1
5.0339 1.9903 0.087202 1
4.3908 1.8931 0.5537 1
2.8349 1.7648 0.044946 1
2.8446 1.81 -0.085997 1
2.8027 1.6102 0.032342 1
2.834 1.698 0.26075 1
2.8384 1.6965 0.25461 1
2.8347 1.6855 0.12209 1
4.3905 1.1023 0.57295 1
5.0091 2.0785 0.57707 1
2.8372 2.0202 0.18752 1
5.0421 2.0929 0.53885 1
2.8473 2.0177 0.29297 1
4.3411 1.8984 0.99558 1
4.9002 1.9366 0.41299 1
4.5131 1.9135 0.54868 1
4.3886 1.1536 0.92632 1
4.3727 1.1606 0.56761 1
4.3881 1.1125 0.57122 1
2.8335 0.87055 1.2988 1
4.3663 1.3784 0.0093762 1
4.3669 1.3613 -0.037584 1
4.3461 1.3598 -0.14347 1
4.3625 1.2935 -0.12414 1
4.3644 1.2896 -0.080088 1
4.368 1.2739 -0.12849 1
4.3723 1.2591 -0.10085 1
4.3688 1.2517 -0.058936 1
4.3619 1.2288 -0.14091 1
4.3687 1.1477 0.46605 1
4.362 1.1484 -0.13325 1
4.3421 1.3847 -0.11726 1
4.3605 1.3478 -0.13923 1
4.3563 1.3458 -0.14467 1
4.368 1.3167 -0.098668 1
4.3645 1.3192 -0.098764 1
4.3839 1.2749 -0.081879 1
4.3924 1.247 -0.082127 1
4.3723 1.2784 -0.11496 1
4.3191 1.373 -0.10593 1
4.3985 1.2171 -0.064405 1
4.352 1.294 -0.10649 1
4.3668 1.275 -0.070905 1
4.3067 1.3614 -0.11302 1
4.3737 1.2402 -0.058279 1
4.3655 1.2313 -0.15259 1
4.4668 0.98283 0.55825 1
4.3679 1.7505 -0.10549 1
4.3684 1.3881 0.018883 1
2.8398 1.1129 0.13402 1
4.3629 1.2281 -0.15295 1
4.3633 1.2238 -0.15657 1
4.3758 1.1776 0.035889 1
4.3818 1.1225 -0.13103 1
4.3295 -0.2776 -0.12981 1
4.4166 -0.56759 -0.096592 1
4.4679 -0.59996 -0.15467 1
4.3678 1.2237 -0.14185 1
4.3849 1.1658 0.022241 1
4.3733 -0.56122 -0.16038 1
4.3332 -0.51239 -0.13302 1
4.3762 -0.57202 -0.11811 1
2.7789 3.7519 -0.0004061 1
2.7877 3.7709 0.34894 1
2.7759 3.7394 -0.044681 1
2.7698 3.7336 0.3547 1
2.772 3.7379 0.35186 1
2.7783 3.7409 -0.047883 1
2.7978 3.7592 0.46902 1
2.7989 3.7589 0.46871 1
2.7943 3.6513 0.2733 1
6.1042 -3.2383 1.0319 1
4.452 -0.55553 -0.072931 1
4.4569 -0.56899 -0.08866 1
4.4692 -0.55763 -0.094349 1
4.4712 -0.55991 -0.173 1
4.4716 -0.56544 -0.13532 1
4.4712 -0.57538 -0.1388 1
4.4705 -0.56631 -0.17165 1
4.4942 -0.56641 -0.053512 1
4.3932 -0.55863 -0.10983 1
4.4337 -0.56416 -0.17891 1
2.8472 0.95531 0.55594 1
2.8736 1.0355 0.66506 1
2.8429 0.93758 0.63894 1
2.8299 0.92832 0.10793 1
4.3878 1.7369 0.16288 1
4.4461 -0.51621 -0.13448 1
4.4092 1.2928 0.025328 1
4.3371 1.3704 -0.11922 1
4.3719 1.333 -0.05782 1
4.3768 1.3254 0.021902 1
4.3655 1.3382 -0.14056 1
4.3925 1.2885 -0.099359 1
4.3707 1.2927 -0.12038 1
4.3734 1.2793 -0.080384 1
4.3745 1.2764 -0.079517 1
4.4106 1.2265 -0.14042 1
4.365 1.2775 -0.16147 1
4.3727 1.2639 -0.10994 1
4.3701 1.2613 -0.1029 1
4.3751 1.2411 -0.060649 1
4.3658 1.2476 -0.059697 1
4.3193 1.3147 -0.1248 1
4.3734 1.2366 -0.059506 1
4.3676 1.2287 -0.14874 1
4.3756 1.2223 -0.14713 1
4.3716 1.2164 -0.15658 1
4.3955 -0.57526 -0.11492 1
4.3995 -0.55901 -0.16584 1
4.4279 -0.57326 -0.1264 1
4.4369 -0.55 -0.079112 1
4.407 -0.53077 -0.15435 1
4.4353 -0.56752 -0.17911 1
4.431 -0.57417 -0.12513 1
4.3661 -0.5529 -0.18484 1
4.4103 -0.55067 -0.07231 1
4.4104 -0.55526 -0.07315 1
4.411 -0.55839 -0.08994 1
4.4284 -0.56922 -0.10738 1
6.1379 -3.312 1.062 1
6.0541 -3.136 1.0788 1
6.1557 -3.6002 0.89877 1
6.1513 -3.6108 1.0574 1
6.1329 -3.3603 1.1129 1
6.3395 -4.4636 1.0799 1
6.1455 -3.6045 1.0523 1
6.1705 -3.4998 1.1174 1
6.1937 -3.9606 1.1443 1
6.2877 -4.2846 1.0379 1
6.1438 -3.3936 0.854 1
6.4675 -4.8224 1.1533 1
6.1516 -3.9351 1.1056 1
4.6701 -4.8172 1.303 1
4.6664 -4.8581 1.3025 1
4.6776 -4.6908 1.2872 1
6.2638 -4.4216 1.1312 1
4.6939 -4.7268 0.1408 1
6.4027 -4.8025 1.2621 1
6.2783 -4.4757 1.1059 1
6.2647 -4.4564 1.1029 1
4.6921 -4.8567 1.3995 1
6.1453 -3.9835 1.0597 1
6.2191 -4.2656 1.1057 1
4.6732 -4.8785 1.4551 1
6.1656 -3.6723 1.1083 1
6.213 -4.7889 1.0669 1
6.2728 -4.2938 1.0116 1
6.159 -3.5387 0.85658 1
6.1411 -3.5819 1.0489 1
6.1281 -3.4816 0.89395 1
6.1527 -3.6259 1.1447 1
6.1682 -3.667 1.1209 1
6.4085 -4.8224 1.2659 1
6.1239 -3.7313 0.50566 1
4.5042 -4.6569 0.93428 1
4.4991 -4.7195 0.92078 1
4.6466 -3.3605 0.63777 1
4.6486 -3.3773 0.63066 1
4.6307 -3.4199 0.55416 1
4.6334 -3.4227 0.65074 1
6.0336 -3.5392 0.67919 1
6.1301 -3.0045 -0.30045 1
4.621 -3.3636 0.6541 1
6.2841 -4.3304 1.023 1
6.3574 -4.6506 1.2174 1
4.5952 -2.671 0.45695 1
6.1227 -3.7274 -0.19455 1
4.6298 -3.8676 -0.1805 1
6.237 -3.9314 0.54015 1
6.1746 -3.8425 0.50688 1
6.1573 -4.7928 -0.33149 1
6.1425 -4.8208 0.88717 1
6.1964 -3.9093 0.5353 1
6.1669 -3.881 0.52352 1
6.1826 -4.5994 -0.22733 1
6.1575 -3.815 0.50516 1
6.1927 -4.6145 -0.22764 1
4.6379 -3.8537 -0.16199 1
6.1294 -4.6637 -0.31929 1
6.1317 -4.673 -0.32043 1
6.1309 -4.7643 -0.32127 1
6.1412 -4.7815 -0.32234 1
0.27848 0.83338 0.016221 1
2.5975 0.90226 0.42543 1
2.6043 0.89242 0.2922 1
2.6219 0.90759 0.43075 1
2.5842 0.87793 0.15962 1
2.6195 0.90718 0.032562 1
2.5986 0.89208 0.078643 1
2.5984 0.8858 0.15655 1
2.6292 0.89829 0.46041 1
2.6262 0.8847 0.19697 1
2.6197 0.8834 0.20545 1
2.6198 0.88363 0.205 1
2.585 0.85217 0.060446 1
2.6942 0.89866 0.1017 1
2.6869 0.86947 0.4746 1
2.6887 0.87128 0.47769 1
2.708 0.90042 0.39385 1
2.7149 0.90703 0.40005 1
2.7165 0.90729 0.39788 1
2.6999 0.89407 0.0066552 1
2.7165 0.90437 0.0062766 1
2.8013 0.91769 0.35159 1
2.7824 0.90519 0.34683 1
2.7726 0.90469 0.4159 1
2.791 0.91567 0.42393 1
2.8031 0.90482 0.011921 1
2.6979 0.88965 0.22383 1
2.6793 0.8841 -0.0010399 1
2.7042 0.89634 0.14175 1
2.6833 0.88615 0.003059 1
2.7122 0.90512 0.0059122 1
2.7189 0.90268 0.22687 1
2.7126 0.8757 0.2568 1
2.7062 0.87633 0.13063 1
2.724 0.88565 0.12826 1
2.7342 0.89642 -0.039514 1
2.7248 0.89284 -0.046066 1
2.8386 0.93041 0.16612 1
2.763 0.87504 0.19697 1
2.8054 0.89776 0.26547 1
2.8008 0.90456 0.031623 1
2.8103 0.9006 0.22158 1
2.7719 0.8917 -0.05836 1
2.8121 0.90977 0.0082265 1
2.798 0.89747 -0.052581 1
2.7822 0.89107 0.011687 1
2.8083 0.90547 0.069552 1
2.8192 0.91247 0.087112 1
2.7977 0.8945 0.087428 1
4.284 1.6659 1.0689 1
4.2426 1.5148 1.0048 1
4.277 1.8085 0.99496 1
4.1729 1.743 0.95705 1
4.283 1.7356 0.54096 1
4.3422 1.2037 -0.039919 1
1.071 0.85996 0.49345 1
1.0623 0.84297 0.2311 1
1.1462 0.85644 0.25272 1
1.1803 0.84977 0.55478 1
1.1662 0.86346 0.42383 1
1.1697 0.84162 0.55228 1
1.1199 0.81179 0.27702 1
1.2988 0.83346 0.62645 1
1.2966 0.82369 0.49958 1
1.3086 0.84708 0.028025 1
1.3286 0.857 0.029627 1
1.4164 0.86414 0.18639 1
1.4297 0.86835 0.44874 1
1.4055 0.85205 -0.036402 1
1.5219 0.87011 0.12153 1
1.5309 0.86889 0.15879 1
1.5262 0.8661 0.4234 1
1.5926 0.86 0.53557 1
1.5387 0.82538 0.26954 1
1.6619 0.84972 0.32989 1
1.8315 0.89833 0.33153 1
1.8399 0.9007 0.19013 1
1.803 0.86748 -0.045782 1
1.8714 0.8493 0.87618 1
1.8139 0.84575 0.20912 1
0.28249 0.82762 0.2503 1
0.38161 0.86479 0.45316 1
0.34222 0.82996 0.0086927 1
0.38694 0.83814 0.5286 1
0.45972 0.8376 0.32814 1
0.45185 0.82915 0.065322 1
0.46879 0.8209 0.24011 1
0.468 0.82295 0.11316 1
0.53242 0.84287 0.39739 1
0.51987 0.83726 0.39741 1
0.5539 0.84337 0.26693 1
0.48207 0.7752 0.043664 1
0.6412 0.83655 0.33048 1
0.65485 0.85056 0.46935 1
0.6475 0.83805 0.10932 1
0.7284 0.82663 0.55487 1
0.73377 0.82471 0.51347 1
0.75325 0.84884 -0.0049443 1
0.78646 0.85185 0.52411 1
0.7533 0.82128 0.54742 1
0.76294 0.82994 0.29529 1
0.7473 0.82271 0.039096 1
0.84624 0.85829 0.45501 1
0.92264 0.83263 0.63847 1
0.96601 0.83258 0.54683 1
0.97536 0.85958 0.4259 1
0.98871 0.82004 0.40748 1
1.144 0.83379 0.8012 1
1.1851 0.84942 0.55227 1
1.1357 0.81963 0.26716 1
1.3761 0.86017 0.58485 1
1.656 0.847 0.20939 1
1.9482 0.88153 0.90907 1
1.8686 0.84177 0.69825 1
2.1547 0.88287 0.84904 1
2.4677 0.88595 1.1943 1
2.8266 0.90447 1.54 1
0.37251 0.8357 0.91699 1
0.422 0.82687 0.17387 1
0.7851 0.84993 1.0474 1
0.52476 0.82612 0.078581 1
0.86176 0.88332 0.26815 1
1.4028 0.87619 0.20803 1
1.7174 0.81151 1.3964 1
0.26233 0.8369 0.20591 1
1.1963 0.86271 0.43366 1
0.27818 0.85858 0.4701 1
0.26181 0.83477 0.11431 1
0.27505 0.84324 0.48128 1
1.4041 0.86063 0.18202 1
1.8697 0.84987 1.0502 1
2.0367 0.8605 1.1577 1
2.1614 0.88168 1.2173 1
0.58121 0.83453 0.045688 1
0.61845 0.82906 0.071001 1
0.67887 0.83934 0.24333 1
0.67445 0.83258 0.10812 1
0.76313 0.84788 0.17449 1
0.75157 0.85107 0.03442 1
0.73661 0.83692 -0.0038955 1
0.76161 0.85104 0.042009 1
0.76721 0.83829 0.51619 1
0.74053 0.83778 -0.0067535 1
0.77873 0.85904 0.43639 1
0.78347 0.84681 0.30831 1
0.77281 0.85248 0.42571 1
0.77587 0.85243 0.42378 1
0.76453 0.83008 0.17094 1
0.68485 0.78227 0.039357 1
0.83499 0.85074 0.44998 1
0.86552 0.83907 0.23473 1
0.94084 0.84485 0.25297 1
0.97491 0.87259 0.38471 1
0.93358 0.8427 -0.010703 1
0.46713 0.8178 0.10631 1
0.60163 0.84223 0.22847 1
1.6626 0.87285 1.3598 1
2.342 0.88877 0.14377 1
2.3357 0.87335 0.26238 1
2.3308 0.88222 0.010352 1
2.413 0.89744 0.17162 1
2.4028 0.88377 0.21132 1
2.4185 0.89678 0.16513 1
4.2297 -0.53273 -0.047508 1
4.2716 -0.5401 -0.12598 1
4.3848 -0.54368 -0.15442 1
4.3059 1.2189 -0.14723 1
4.3476 1.3228 -0.15725 1
4.3004 1.3013 -0.15715 1
4.3769 1.3112 -0.14943 1
4.9048 2.3989 0.90938 1
4.6551 2.1712 0.65631 1
4.4889 2.0353 0.62306 1
4.3261 1.9148 0.56904 1
0.98098 0.86487 0.43039 1
0.94754 0.83169 0.29584 1
0.98624 0.86618 0.42882 1
0.98549 0.86513 0.42375 1
1.0335 0.84896 0.19028 1
1.0561 0.84852 0.47728 1
1.13 0.85423 0.38058 1
1.1352 0.85913 0.38662 1
1.1546 0.84564 0.5067 1
1.1985 0.85789 0.69019 1
1.179 0.84926 0.29054 1
1.3572 0.85603 0.51787 1
1.3368 0.86136 0.24805 1
1.3969 0.8689 0.3326 1
1.3457 0.84164 0.28687 1
1.4088 0.87288 0.44625 1
1.4157 0.8538 0.57529 1
1.4504 0.87793 -0.03783 1
1.4155 0.83114 0.72009 1
1.5097 0.87661 0.12654 1
1.5366 0.85315 0.51218 1
1.732 0.86173 0.3344 1
1.7636 0.85828 0.69946 1
2.1688 0.89608 0.42309 1
2.3882 0.86162 0.4418 1
0.93059 0.84668 0.26049 1
0.93257 0.84344 0.25711 1
0.92935 0.8351 0.24921 1
0.9485 0.85203 0.1688 1
0.97564 0.87105 0.38561 1
0.95176 0.85265 0.12115 1
0.95245 0.85051 0.17127 1
0.95999 0.85788 0.033914 1
0.9854 0.86743 0.43102 1
1.0433 0.85022 0.05173 1
1.0428 0.84612 0.099578 1
1.0696 0.85917 0.48906 1
0.28454 0.90625 0.055341 1
0.27373 0.83841 0.33549 1
0.29261 0.84746 0.33469 1
0.27117 0.83989 0.11546 1
0.2839 0.8259 0.24764 1
0.32386 0.82158 0.26952 1
0.35184 0.83447 0.26886 1
0.3812 0.82999 0.31185 1
0.56414 0.83934 0.6563 1
0.54433 0.83459 0.26265 1
0.54719 0.82599 0.51952 1
0.6563 0.84147 0.7227 1
0.65988 0.84873 0.1992 1
0.6655 0.85209 0.11213 1
0.66125 0.84653 0.11028 1
0.76245 0.84755 0.43038 1
0.85509 0.8565 0.058976 1
0.97302 0.85833 0.42271 1
0.97399 0.8372 0.5517 1
1.0512 0.83067 0.60232 1
1.13 0.84563 0.68406 1
1.146 0.83332 0.92284 1
4.3158 -0.55742 -0.15205 1
4.2936 -0.54999 -0.052026 1
4.34 -0.55269 -0.15325 1
4.338 1.1389 0.65529 1
4.3681 -0.54285 -0.17827 1
4.4062 -0.55259 -0.071442 1
4.32 1.2764 -0.082314 1
4.3138 1.3014 -0.14987 1
4.3774 1.3213 -0.10596 1
4.3353 1.2516 -0.14705 1
4.3415 1.2353 -0.12747 1
4.3424 1.2352 -0.14754 1
4.386 -0.53596 -0.1732 1
4.6147 1.1157 0.87595 1
4.8904 1.1348 0.66641 1
5.7187 1.3433 0.53736 1
2.1112 0.8552 0.77389 1
2.0977 0.85181 0.77821 1
2.2745 0.88604 0.64396 1
2.2416 0.86813 0.62709 1
2.2552 0.8514 0.48323 1
2.4022 0.87995 0.67501 1
2.539 0.86426 0.84461 1
2.7085 0.88351 0.92801 1
2.4456 0.79723 -0.0706 1
2.818 0.90716 0.29901 1
2.8086 0.90443 1.2697 1
3.0265 0.95252 0.014006 1
2.595 0.88888 0.20309 1
2.6013 0.8984 0.076792 1
2.6028 0.89066 0.29022 1
2.5991 0.89496 0.077786 1
2.6157 0.90074 0.16036 1
2.6083 0.89709 0.0314 1
2.6015 0.89462 -0.0561 1
2.6527 0.92465 0.35775 1
2.6111 0.89995 -0.05584 1
2.6251 0.88607 0.28741 1
2.6311 0.89198 0.20699 1
2.608 0.87771 -0.057873 1
2.6424 0.89955 0.032118 1
2.6451 0.89745 0.067842 1
2.6773 0.89871 0.35552 1
2.6852 0.90265 0.35576 1
2.4311 0.89087 0.029237 1
2.4098 0.86459 0.19285 1
2.5024 0.88519 0.27399 1
2.5445 0.91884 0.23925 1
2.5228 0.90703 0.14839 1
2.5065 0.89126 0.14534 1
2.5208 0.901 -0.037315 1
2.5078 0.89348 -0.036933 1
2.5409 0.91215 0.40849 1
2.547 0.91141 0.40056 1
2.5159 0.87292 0.26958 1
2.501 0.8676 0.1345 1
2.5028 0.88492 -0.038261 1
2.5246 0.88073 0.13434 1
2.5281 0.8869 0.008199 1
2.586 0.88467 0.29456 1
2.593 0.90286 0.42714 1
2.5709 0.87698 0.2984 1
2.6123 0.91218 0.17823 1
5.1741 1.161 0.32012 1
5.1755 -0.040091 2.1829 1
1.1567 0.85733 0.41447 1
2.8209 0.91071 0.29767 1
4.4626 -0.52098 -0.16355 1
4.3121 1.7691 0.41912 1
5.1144 -0.50096 2.0176 1
0.85332 0.82826 0.23194 1
2.1775 0.85352 0.75023 1
4.7067 -0.49913 -0.17372 1
5.1833 1.1476 0.42878 1
5.0951 -0.082448 2.1539 1
2.7172 0.89754 0.53406 1
4.2732 1.6601 1.0651 1
4.1839 1.6041 0.99209 1
3.0882 0.90554 2.3111 1
1.9669 0.8736 1.52 1
2.0325 0.17611 2.1482 1
2.8339 0.90068 1.9265 1
5.3622 1.1585 2.0606 1
5.1177 1.1227 1.9999 1
2.219 0.88188 1.3514 1
3.0993 -0.53512 2.6436 1
5.0183 -0.16846 2.332 1
2.0739 0.88793 1.7701 1
3.5006 0.077123 1.9557 1
5.145 -0.55147 1.6638 1
4.2931 1.7606 -0.10185 1
4.5241 0.20583 1.8711 1
2.1143 0.17496 1.9171 1
2.4527 0.8714 1.1774 1
1.6576 -0.56814 1.6579 1
0.36009 1.343 0.51873 1
2.24 0.88624 0.29716 1
2.6892 0.87341 0.75851 1
1.4162 0.88516 0.45425 1
4.4755 0.15857 1.8503 1
6.027 -0.16748 1.587 1
2.9143 -0.6452 1.8358 1
3.127 0.4401 2.4446 1
4.1949 -0.078603 2.3309 1
3.1677 0.45096 2.1617 1
4.377 -0.53654 -0.18681 1
4.3046 1.7606 0.41797 1
4.4369 2.0134 0.91362 1
2.8008 0.90077 0.023071 1
2.8081 0.90165 0.20657 1
5.1614 1.1819 0.26785 1
2.6022 0.90888 0.35431 1
2.1377 0.89408 1.1991 1
2.1926 0.90407 1.2126 1
4.8559 0.56495 2.4199 1
3.3694 1.0274 0.017107 1
4.6096 0.12633 1.9122 1
1.1959 0.86612 1.3325 1
5.3333 -0.062025 2.3669 1
2.3236 0.91118 1.5578 1
2.6178 -0.45918 1.4144 1
6.0311 -0.56293 1.8702 1
5.2903 -0.52164 2.0835 1
5.9334 -3.8171 1.6447 1
6.2639 -4.0865 1.192 1
6.2067 -3.8509 2.1546 1
4.3743 -0.57591 -0.15611 1
4.3649 -0.5724 -0.17377 1
6.3083 -4.2992 1.3816 1
4.3714 -0.57297 -0.17671 1
6.1373 -4.513 1.6686 1
6.1031 -4.6696 1.7066 1
6.3844 -4.3799 1.4168 1
4.3731 -0.57514 -0.17773 1
5.7736 -3.193 0.876 1
4.4496 -0.56824 -0.15117 1
4.4693 -0.55475 -0.17016 1
4.4501 -0.5673 -0.1506 1
5.3946 -2.9196 1.9001 1
6.0059 -4.2799 1.6004 1
4.3562 1.7817 0.41395 1
5.0818 -2.5199 1.0753 1
2.8441 2.0449 0.36445 1
6.1625 -3.8005 0.54146 1
4.3123 1.7749 0.025463 1
3.3558 0.97515 2.1209 1
2.8716 0.93169 0.42188 1
2.9668 -0.4036 1.2214 1
4.4614 0.20434 1.843 1
1.0678 0.8737 0.44442 1
2.7117 0.91032 0.41021 1
2.3293 0.89892 0.23735 1
4.5259 -0.56644 -0.05334 1
3.0843 -0.12572 2.1949 1
4.5531 -0.081131 2.6187 1
4.4311 -0.080818 2.4114 1
2.7382 0.91241 1.214 1
4.9177 0.58898 2.4538 1
5.6425 1.269 0.37071 1
4.376 -0.57665 -0.11743 1
4.8527 1.1157 0.90928 1
4.7862 1.0902 0.81633 1
4.3693 1.3297 -0.14941 1
4.3905 1.3166 -0.14467 1
4.3141 1.2968 -0.12911 1
4.3878 1.2941 -0.10336 1
4.3374 1.2919 -0.10752 1
4.9518 1.1516 1.0188 1
2.8682 0.89205 2.6621 1
2.7933 0.90667 0.72113 1
5.215 -0.1403 2.3891 1
5.2171 1.1327 2.0216 1
5.6331 -0.085023 2.4692 1
4.6443 -0.53682 2.644 1
2.9694 -0.11511 2.6048 1
1.9737 0.10016 2.1112 1
2.0045 -0.60736 1.8119 1
2.422 -0.59295 2.5885 1
4.7158 0.69981 2.3717 1
4.9863 1.1072 1.9639 1
5.1658 -0.069644 2.4033 1
5.3004 1.1086 1.7941 1
4.6887 0.69669 2.371 1
0.30964 0.84481 1.1294 1
5.4704 -0.59668 2.4081 1
5.4632 1.1619 0.44995 1
2.7717 0.90905 0.42421 1
3.2631 0.93751 2.09 1
2.8776 0.85187 1.9905 1
6.1475 -0.11097 1.6663 1
6.0971 -0.096101 1.6526 1
0.38594 0.83899 0.5305 1
4.5487 -0.52841 2.3763 1
4.657 -0.57228 -0.059298 1
2.2237 0.073752 1.9452 1
2.4628 -0.59687 2.605 1
5.1476 -0.54821 2.3616 1
8.4735 -0.66305 3.383 1
1.7808 0.88713 2.0913 1
3.4655 0.48932 2.2306 1
3.5059 0.40228 2.2004 1
2.2011 0.096327 2.1712 1
3.3972 0.23123 1.9159 1
3.6973 0.96119 2.5207 1
3.4804 0.48364 2.2523 1
3.4415 0.4147 2.2057 1
1.9826 -0.59697 1.7847 1
2.5587 0.8929 1.1919 1
2.298 -0.59848 1.7704 1
4.2129 0.1979 1.9009 1
2.8245 0.91372 0.47455 1
5.0193 2.4335 0.53711 1
5.0423 2.5136 0.54686 1
2.7918 3.4087 0.2014 1
4.9871 2.4714 0.52615 1
2.7899 3.3498 0.075673 1
2.7798 3.4264 0.29326 1
2.7731 3.3265 0.15012 1
2.7833 3.4357 0.067128 1
2.7549 3.2926 0.015529 1
4.3602 1.7629 0.027112 1
5.1873 -2.4182 1.7371 1
2.6499 1.52 0.81013 1
2.7837 3.4309 0.2021 1
2.8346 0.96695 -0.091774 1
5.0165 2.337 0.5347 1
4.73 -1.0763 0.69481 1
4.3579 1.7749 0.41761 1
4.3634 1.7591 0.026749 1
4.3774 -0.57543 -0.11935 1
5.0025 1.1586 0.46575 1
2.7763 0.9438 1.3173 1
5.0676 1.1528 0.21628 1
5.5631 1.2296 0.31866 1
4.3601 -0.57379 -0.16466 1
4.4606 -0.56817 -0.083065 1
4.4413 -0.56781 -0.1789 1
4.3731 -0.56939 -0.11817 1
5.5446 1.2248 0.31866 1
4.6176 -0.53756 2.6332 1
5.5563 1.2505 0.53045 1
4.8924 1.1302 0.77728 1
4.3105 1.2326 -0.062535 1
4.3461 1.1889 0.032638 1
5.9642 -0.18871 1.5439 1
4.6155 1.1219 0.48466 1
5.5521 1.2457 0.52964 1
4.9151 1.1381 0.84162 1
5.0178 1.1543 0.35029 1
4.8942 1.1309 1.1278 1
5.0063 1.1282 0.35585 1
4.9006 1.1327 1.0752 1
5.6418 -0.15358 1.5341 1
5.8265 -0.15107 1.5576 1
4.4535 -0.57098 -0.072086 1
4.4947 -0.56777 -0.052441 1
3.5991 0.98796 2.5245 1
4.5658 -0.56145 -0.1634 1
6.2754 -4.7771 1.9011 1
2.846 0.97396 0.45543 1
2.8197 1.3053 0.13703 1
4.3686 1.7601 0.28895 1
4.3835 1.7416 0.29379 1
4.3592 1.7635 0.02907 1
4.3647 1.7563 -0.10458 1
2.8375 1.2118 0.28452 1
6.2339 -4.3593 1.0366 1
2.8288 1.4011 0.2034 1
2.8216 1.3234 -0.043264 1
6.109 -3.6514 2.0655 1
6.1425 -3.734 1.6229 1
2.8382 0.91978 0.48771 1
5.0345 2.21 0.53903 1
2.8505 2.0471 0.23037 1
2.8199 1.3397 0.098064 1
2.8629 1.0482 0.74514 1
2.8438 2.0459 0.057622 1
6.1293 -2.7511 1.7818 1
6.1791 -3.6121 1.0883 1
5.8654 -3.1 -0.23821 1
2.1538 0.18034 1.925 1
4.41 -0.57087 -0.071633 1
4.3703 -0.57258 -0.17163 1
4.4322 -0.56794 -0.11476 1
4.3884 -0.57355 -0.17239 1
4.3907 -0.57102 -0.17193 1
4.3953 -0.56987 -0.1704 1
4.4437 -0.56977 -0.10179 1
4.9894 -2.0812 0.082039 1
4.3522 1.3322 -0.062117 1
4.2391 1.1693 -0.129 1
5.6309 1.2458 0.40433 1
5.7779 1.32 0.57511 1
5.6713 -0.62075 1.7332 1
5.2842 1.0984 1.7776 1
4.434 -0.578 -0.1154 1
4.3955 -0.57792 -0.17914 1
4.3723 -0.57171 -0.17741 1
4.3672 -0.57771 -0.17836 1
4.3623 -0.5738 -0.17757 1
4.3098 -0.57682 0.0071667 1
5.5586 -0.11099 1.4658 1
6.082 -0.072195 1.6029 1
5.0302 1.1838 0.72701 1
4.9178 1.1391 1.0088 1
4.9605 1.1631 0.48846 1
4.3743 -0.55186 -0.13767 1
5.949 -0.7384 -0.19795 1
2.8312 1.3002 0.26906 1
2.8255 1.3185 0.21898 1
2.8177 1.3132 -0.00040919 1
6.2341 -4.0335 1.3131 1
4.5864 -0.58495 1.0462 1
2.8265 1.2936 6.9274e-05 1
2.7792 1.232 0.0022359 1
6.0435 -3.3957 -0.24441 1
2.8406 0.93541 0.19122 1
2.821 0.92897 0.40478 1
6.1813 -3.7935 1.806 1
2.8243 0.93865 0.40151 1
6.1326 -3.2889 1.8033 1
6.1224 -3.6664 2.0865 1
4.9947 1.1725 0.80266 1
4.3755 1.2906 -0.13645 1
2.3035 0.90295 0.79452 1
4.9897 1.1705 0.48174 1
5.7502 1.3719 0.58054 1
5.5417 1.2448 0.39848 1
4.8723 1.1263 1.0653 1
5.9166 -0.058427 1.5254 1
4.3197 1.3096 -0.10108 1
6.2175 -0.084484 1.7645 1
5.871 -0.12017 1.5515 1
5.5741 1.1505 0.45616 1
6.2431 -3.5497 1.8739 1
6.1595 -3.3885 1.0904 1
6.1522 -3.4263 1.15 1
5.0336 -1.447 1.0141 1
2.8354 0.9458 0.66465 1
2.814 1.2923 0.40689 1
4.6014 -3.0442 0.64618 1
4.3661 -0.5729 -0.17212 1
4.7551 -1.1827 1.6774 1
2.8375 2.0342 0.2508 1
4.3568 1.7725 0.1547 1
2.7987 0.87049 0.39308 1
2.8614 0.63854 1.2591 1
2.8381 0.45346 1.3319 1
5.3026 -2.8756 1.8571 1
2.8826 0.75232 1.2239 1
5.6113 -3.9493 -0.18533 1
2.8307 0.46221 1.3509 1
2.784 3.5124 0.0025583 1
2.7803 3.4309 0.15701 1
2.851 0.90579 1.0696 1
4.7186 -0.54229 0.73426 1
2.7804 3.5296 0.083455 1
2.7831 3.5293 0.27351 1
2.7993 0.54978 1.4434 1
2.5289 1.0118 0.85131 1
4.3939 -0.71545 -0.082379 1
2.8135 0.90421 0.41684 1
4.4328 -0.56955 -0.072122 1
4.5157 -0.74212 -0.065755 1
4.3683 -0.57506 -0.1706 1
4.524 1.1005 0.8505 1
5.978 -0.18179 1.6769 1
2.7796 0.89413 0.30299 1
2.8032 0.90645 0.17563 1
2.806 0.90295 0.32672 1
4.4878 -0.56425 -0.051642 1
4.9915 1.1635 1.2883 1
4.4641 -0.56404 -0.10162 1
2.6715 0.88495 0.0030823 1
2.7743 0.8844 0.23253 1
2.7043 0.87372 0.51954 1
6.0249 -0.073661 1.683 1
4.9214 1.1404 1.1851 1
5.851 -0.12129 1.5485 1
2.7825 0.90937 1.2714 1
5.4039 -0.052285 2.3783 1
4.6102 -3.6032 0.79403 1
4.7053 -4.7003 0.8711 1
4.6409 -3.3288 0.54499 1
4.5985 -2.6632 0.45971 1
2.8353 0.99911 -0.065599 1
2.8311 1.0994 0.085551 1
2.8333 0.99398 -0.065389 1
6.1553 -3.7427 1.8045 1
6.2731 -3.6177 2.2134 1
4.4218 -0.56851 -0.10277 1
6.1645 -3.6406 1.1624 1
6.1415 -4.6894 -0.27478 1
2.8347 1.0187 0.15222 1
2.833 1.0217 0.28577 1
2.8366 1.0193 0.20398 1
4.561 -0.52818 0.69071 1
4.6178 -0.65246 0.74344 1
6.2651 -4.0808 1.3032 1
4.5536 -0.51859 0.68421 1
4.3938 -0.5688 -0.17843 1
2.7714 3.9104 -0.052202 1
4.5162 0.19203 1.9103 1
3.2912 0.026745 2.014 1
2.84 0.96195 0.65272 1
3.2953 0.14757 1.9633 1
3.2925 0.32846 1.8897 1
2.8329 0.9129 0.80153 1
2.8236 0.90791 0.25012 1
2.7867 3.5121 0.13483 1
6.2181 -4.0069 1.1597 1
6.1459 -4.7722 1.1673 1
5.3098 -2.9277 1.8665 1
2.8414 1.1027 0.53012 1
2.8304 1.1128 0.27132 1
6.114 -2.7287 2.0965 1
2.8955 1.0925 0.35427 1
6.2863 -3.8528 -0.31818 1
2.8308 0.90318 0.54078 1
2.8318 1.1201 0.27122 1
2.8375 0.92623 0.1353 1
2.8295 1.1227 -0.0013937 1
2.8366 0.99397 0.021967 1
2.8405 1.1094 0.13092 1
5.0989 -2.133 1.5285 1
4.3679 1.759 0.5503 1
5.0098 -1.9977 0.89928 1
4.3668 1.755 0.16138 1
2.8166 1.9116 0.21628 1
2.8091 1.8115 -0.060938 1
2.822 2.0053 0.26173 1
5.7182 -3.7109 1.7158 1
6.333 -4.3717 1.4321 1
6.2292 -2.6557 1.8551 1
6.1488 -2.8043 1.8035 1
2.8237 1.2186 0.20453 1
6.2406 -4.3611 1.0416 1
4.6249 -3.3915 0.61861 1
4.6164 -3.4167 0.62927 1
6.4506 -4.6243 1.5412 1
4.3608 1.7713 0.28493 1
4.592 -0.57903 1.4335 1
2.8331 2.0229 0.25432 1
6.1114 -4.1306 1.796 1
2.8324 2.0321 -0.00024002 1
4.6141 -0.65841 1.4695 1
6.2062 -3.8974 0.54823 1
2.833 0.91861 0.018965 1
6.2483 -2.865 1.8641 1
6.4454 -4.7342 1.3774 1
6.2524 -4.062 1.3025 1
6.1917 -3.6813 1.0929 1
6.1302 -3.4935 0.84199 1
6.2779 -4.4058 1.4296 1
2.8426 2.0455 0.1883 1
2.8396 2.0311 0.18805 1
4.342 1.2088 0.63061 1
2.8364 2.0242 0.4012 1
2.8526 2.0522 0.2827 1
4.9182 1.9131 0.14665 1
2.8371 2.0243 0.17651 1
4.3683 1.7552 0.54881 1
4.9285 1.9126 0.55226 1
6.1193 -3.6222 -0.27369 1
6.2474 -4.4971 1.1893 1
4.3317 -0.57953 -0.050558 1
6.2991 -4.5159 1.1776 1
6.2708 -4.1101 1.197 1
5.2167 -2.6114 1.7634 1
5.0548 -2.0727 1.7721 1
2.8389 1.0284 0.15089 1
6.1592 -4.0398 1.2582 1
6.1516 -2.7947 2.1281 1
2.836 1.239 0.19981 1
6.0495 -2.6182 1.7642 1
2.8521 1.0109 0.15196 1
2.8213 1.0106 0.019775 1
5.1666 -2.3643 1.5957 1
6.1215 -4.2096 1.7679 1
2.4061 -0.07155 0.47763 1
6.0676 -4.5684 1.7455 1
6.1251 -2.4696 1.7927 1
4.3601 1.7699 0.28536 1
4.3598 1.7667 0.15406 1
4.3676 1.7596 0.28927 1
5.152 -2.3195 1.6741 1
2.8147 0.91011 1.1336 1
4.9844 1.0798 1.7708 1
2.8395 0.92558 1.2992 1
4.5423 -0.51818 2.3752 1
3.327 0.96252 2.1108 1
4.7783 0.20326 1.9761 1
4.4123 0.1944 1.8618 1
0.37903 0.83894 0.54076 1
2.2505 -0.60847 1.7846 1
2.7717 0.90051 0.57828 1
4.5141 -0.088673 2.6018 1
2.2657 0.13867 1.9327 1
3.0056 0.4849 2.6259 1
4.5576 1.1065 0.85895 1
1.7213 0.87571 0.25115 1
5.0701 1.1813 0.3408 1
4.7787 1.1423 0.32848 1
4.3239 1.291 -0.14092 1
4.3249 1.2292 -0.14118 1
4.3332 1.2833 -0.080166 1
4.3333 1.1642 0.010542 1
4.3219 1.2286 -0.16061 1
4.3573 1.2997 -0.10358 1
5.572 1.2268 0.32539 1
5.0476 1.1597 0.24882 1
4.3284 1.2549 -0.14219 1
4.3359 1.2857 -0.10219 1
4.323 1.3355 -0.15877 1
4.3314 1.2356 -0.15963 1
4.3373 1.1391 -0.15907 1
4.3337 1.1373 -0.15891 1
4.2969 1.2659 -0.13216 1
4.3312 1.3043 -0.13934 1
4.3289 1.3012 -0.14291 1
4.3245 1.1364 -0.0691 1
4.3303 1.14 -0.085474 1
4.326 1.322 -0.14074 1
4.3318 1.2766 -0.096544 1
4.3491 1.3393 -0.14138 1
4.3245 1.2565 -0.1593 1
4.3225 1.2505 -0.16099 1
4.3138 1.1586 0.040766 1
4.3128 1.1551 0.035551 1
4.334 1.2227 -0.14405 1
5.3541 1.2097 0.26576 1
5.2667 1.1978 0.332 1
4.3363 1.3152 -0.13547 1
5.4212 1.2242 0.49229 1
4.2934 1.7559 0.15599 1
4.9324 1.1453 0.746 1
4.3288 1.9144 0.57637 1
4.337 1.9189 0.56902 1
4.8611 1.1485 0.48049 1
5.487 1.2062 0.3126 1
5.5162 1.1541 0.45585 1
4.2952 1.7556 0.41495 1
5.1352 -0.60566 1.7663 1
4.9436 1.0774 1.7572 1
2.5887 0.92814 0.057506 1
5.9078 -0.18275 1.6508 1
5.5073 1.2249 0.31409 1
4.4192 -0.56641 -0.14537 1
5.0894 1.1444 0.28373 1
4.9972 1.1075 0.4086 1
5.1878 1.0781 1.7392 1
5.0883 1.1667 0.19505 1
4.9616 2.8981 -0.12841 1
4.9732 2.9104 -0.12678 1
4.9025 2.5349 1.0841 1
4.8979 2.9981 0.51929 1
4.6728 2.4317 -0.15214 1
4.9048 2.6028 0.51781 1
5.9729 -0.059421 1.5507 1
5.5743 1.1569 0.46037 1
2.6033 0.86492 0.067233 1
4.3227 1.2351 -0.13611 1
4.3284 1.3184 -0.1006 1
4.3177 1.3065 -0.13668 1
4.3291 1.341 -0.07779 1
4.3218 1.3349 -0.15919 1
4.3385 1.1439 -0.082145 1
4.3297 1.2378 -0.14265 1
4.3303 1.2382 -0.13927 1
4.3268 1.254 -0.15955 1
4.3338 1.2795 -0.10105 1
4.311 1.2444 -0.13797 1
4.3315 1.2566 -0.14308 1
4.3364 1.2397 -0.058935 1
4.3263 1.2298 -0.1562 1
4.3298 1.2179 -0.14281 1
4.3306 1.3912 0.0018084 1
4.3354 1.1383 -0.092485 1
4.3342 1.1425 -0.083107 1
4.3333 1.1734 0.020806 1
4.3354 1.409 0.052204 1
4.8977 1.1335 0.9219 1
5.5329 -0.66062 1.511 1
4.472 -0.56674 -0.17454 1
4.4319 -0.57226 -0.11133 1
4.5854 -0.58046 -0.17006 1
4.3695 1.3511 0.044503 1
4.325 1.3097 0.031539 1
4.3218 1.2707 -0.16064 1
5.9575 -0.056464 1.673 1
4.332 1.2986 -0.13787 1
4.3336 1.241 -0.14302 1
4.3293 1.3857 0.020051 1
4.3313 1.1375 -0.1622 1
4.3241 1.2307 -0.15858 1
4.3212 1.3101 -0.1405 1
4.3249 1.2575 -0.14191 1
2.8129 0.90417 0.69927 1
6.0466 -0.17924 1.581 1
4.331 1.2805 -0.11953 1
4.3285 1.2376 -0.14185 1
4.3351 1.1388 -0.15673 1
4.3278 1.3244 -0.14153 1
5.6427 -0.70954 -0.14787 1
4.3708 -0.57478 -0.11241 1
4.2968 1.7584 0.28621 1
4.3484 1.3211 -0.10633 1
4.3299 1.4028 0.050625 1
4.3279 1.2537 -0.13895 1
4.3325 1.2582 -0.1591 1
4.3392 1.2896 -0.099337 1
4.3283 1.3238 -0.14216 1
4.3333 1.4072 0.052053 1
4.3088 1.2841 0.020919 1
4.3248 1.1365 -0.068803 1
4.3312 1.3611 -0.037976 1
4.3291 1.2978 -0.12118 1
4.3364 1.1964 -0.039051 1
4.3358 1.1963 -0.039358 1
4.3292 1.3397 -0.058306 1
4.3303 1.2173 -0.16042 1
4.3319 1.1409 -0.081922 1
4.3263 1.2362 -0.15928 1
4.3241 1.3372 -0.1594 1
4.3295 1.2796 -0.11862 1
4.3286 1.2974 -0.12127 1
4.328 1.3389 -0.058308 1
4.3346 1.2388 -0.059275 1
4.3286 1.216 -0.16045 1
4.3329 1.2185 -0.14249 1
4.3355 1.1967 -0.039195 1
5.4738 1.2112 0.36624 1
4.3283 1.2159 -0.14138 1
4.3129 1.2861 -0.13461 1
4.3287 1.1701 0.018086 1
5.0549 1.1635 0.33792 1
4.3339 1.2619 -0.10087 1
5.0859 1.1657 0.1967 1
4.3312 1.28 -0.079797 1
4.3295 1.2978 -0.13952 1
4.3262 1.3169 -0.14188 1
4.3267 1.1664 0.043694 1
4.3276 1.2325 -0.1387 1
4.3205 1.1589 -0.01932 1
4.329 1.1391 0.024645 1
4.3332 1.1376 -0.093002 1
4.3245 1.1375 -0.094124 1
4.3338 1.1733 0.016848 1
4.3208 1.3054 0.030411 1
4.3301 1.3053 -0.14314 1
6.2498 -4.555 1.6724 1
4.3275 1.1391 -0.048182 1
4.3293 1.2157 -0.14152 1
4.3243 1.3146 -0.099605 1
4.372 -0.58385 -0.17755 1
4.3127 1.2058 0.013359 1
4.3225 1.2479 -0.13591 1
6.1525 -3.4031 0.8646 1
4.3698 -0.5735 -0.13161 1
4.5627 -0.56061 -0.14517 1
4.3666 -0.57431 -0.17087 1
4.3707 -0.57502 -0.09011 1
4.3277 -0.4935 -0.1517 1
4.567 -0.56365 -0.14524 1
4.4081 -0.57144 -0.17197 1
4.3704 -0.57402 -0.13111 1
4.4342 -0.56936 -0.11448 1
4.3496 -0.57558 -0.17426 1
4.3921 -0.57156 -0.17617 1
4.2264 -0.48368 -0.13792 1
4.4318 -0.56791 -0.17571 1
4.3679 -0.57368 -0.17192 1
4.1888 -0.59091 -0.11536 1
4.4524 -0.56633 -0.13451 1
4.4232 -0.56013 -0.11332 1
4.4298 -0.57075 -0.11345 1
4.4805 -0.63623 -0.06949 1
4.3707 -0.57173 -0.17195 1
4.3682 -0.56933 -0.071296 1
4.3733 -0.5745 -0.17716 1
4.3667 -0.5728 -0.17238 1
4.4334 -0.56899 -0.11395 1
4.3799 -0.55658 -0.15099 1
4.4105 -0.57342 -0.072224 1
6.3285 -4.3792 1.3518 1
6.3501 -4.6891 1.3025 1
6.1901 -3.8758 0.53417 1
4.6332 -3.8645 -0.16141 1
4.6326 -3.9565 0.51949 1
6.2773 -4.1395 1.2183 1
6.2488 -4.5544 1.6741 1
4.3577 1.3477 -0.073064 1
4.8665 1.1534 0.48006 1
6.3028 -4.323 1.3377 1
4.371 -0.57469 -0.071184 1
6.2519 -4.1327 1.2439 1
4.3698 -0.57316 -0.15398 1
6.2388 -3.9413 1.6771 1
6.1639 -4.3286 1.7818 1
4.453 -0.56643 -0.09088 1
4.4509 -0.56745 -0.15325 1
6.1472 -3.485 0.84826 1
6.2333 -4.3606 1.032 1
6.4206 -4.607 1.4215 1
6.1629 -3.9831 1.3117 1
6.1564 -4.5659 1.7586 1
6.2295 -4.33 1.029 1
6.1538 -3.3465 1.0692 1
4.5597 -0.55604 -0.17353 1
6.2075 -3.4913 1.8293 1
6.2335 -3.6249 1.1938 1
6.3175 -4.5608 1.168 1
6.2451 -4.0624 1.1798 1
6.1176 -3.2893 1.1404 1
6.1624 -3.6165 1.0707 1
6.1828 -4.6312 1.7954 1
4.5654 -0.5534 -0.18313 1
4.4538 -0.59745 -0.072244 1
