  -7.9724938779914933e-01
  -7.9513538779914938e-01
  -8.0764638779914932e-01
  -8.5297338779914944e-01
  -7.5170438779914939e-01
  -6.4136038779914939e-01
  -7.5465438779914940e-01
  -6.8836338779914941e-01
  -6.7178638779914945e-01
  -7.3539838779914946e-01
  -5.7496338779914935e-01
  -7.9474438779914935e-01
  -8.1243038779914944e-01
  -7.4782838779914940e-01
  -8.3454038779914930e-01
  -8.5701538779914932e-01
  -7.7913038779914934e-01
  -8.6624138779914950e-01
  -7.7665138779914944e-01
  -8.1394438779914946e-01
  -8.2078538779914934e-01
  -8.4749438779914943e-01
  -7.8506438779914944e-01
  -8.2227838779914930e-01
  -8.1800738779914939e-01
  -7.9685838779914930e-01
  -7.4329738779914933e-01
  -6.8007738779914939e-01
  -8.1435138779914951e-01
  -8.0115538779914930e-01
  -7.2430638779914935e-01
  -8.3163938779914948e-01
  -8.1210538779914931e-01
  -8.1152838779914949e-01
  -8.4864338779914950e-01
  -6.4621938779914934e-01
  -8.1160038779914934e-01
  -4.4740238779914943e-01
  -7.1210538779914945e-01
  -6.9980938779914936e-01
  -7.8369338779914943e-01
  -6.6019238779914935e-01
  -6.0078838779914934e-01
  -7.9397938779914945e-01
  -7.3591538779914933e-01
  -7.5885938779914941e-01
  -8.0197138779914945e-01
  -7.5569238779914949e-01
  -7.5819338779914935e-01
  -8.2237238779914934e-01
  -7.7555438779914931e-01
  -7.3732738779914941e-01
  -5.7185738779914941e-01
  -5.9721938779914940e-01
  -5.7057938779914941e-01
  -6.5305738779914946e-01
  -8.4896138779914931e-01
  -8.0962938779914939e-01
  -8.3510238779914947e-01
  -8.2950338779914934e-01
  -8.7178538779914949e-01
  -8.5200438779914944e-01
  -8.2316038779914935e-01
  -8.4729838779914934e-01
  -8.2016638779914941e-01
  -8.3705338779914951e-01
  -8.6609138779914940e-01
  -8.5259238779914948e-01
  -8.3329238779914938e-01
  -8.3880138779914937e-01
  -7.7115338779914944e-01
  -7.9954938779914930e-01
  -7.4350638779914946e-01
  -6.1438338779914936e-01
  -7.8748238779914947e-01
  -8.6121638779914944e-01
  -6.3802138779914941e-01
  -6.8500938779914944e-01
  -6.7975938779914946e-01
  -6.7749038779914939e-01
  -7.5961538779914939e-01
  -7.7462238779914938e-01
  -5.6757138779914940e-01
  -7.3388238779914938e-01
  -7.0612738779914941e-01
  -7.1780938779914938e-01
  -6.9724238779914938e-01
  -5.6922338779914938e-01
  -7.0509038779914945e-01
  -7.2520738779914939e-01
  -7.2153238779914941e-01
  -7.0863338779914942e-01
  -6.8405038779914940e-01
  -6.9514838779914934e-01
  -6.6101138779914947e-01
  -7.9597738779914939e-01
  -8.5870838779914949e-01
  -8.1621938779914949e-01
  -7.9167138779914947e-01
  -7.9355138779914935e-01
  -7.0758238779914939e-01
  -8.3901938779914942e-01
  -7.2727438779914944e-01
  -7.9908138779914939e-01
  -8.8137338779914942e-01
  -9.5408738779914937e-01
  -8.8061438779914947e-01
  -9.0380138779914931e-01
  -9.3323838779914947e-01
  -9.1341538779914933e-01
  -9.3633438779914946e-01
  -9.5046638779914949e-01
  -9.1083838779914950e-01
  -1.0032143877991495e+00
  -9.7959038779914942e-01
  -7.2412738779914942e-01
  -7.0675638779914940e-01
  -6.5886938779914939e-01
  -7.4743938779914942e-01
  -6.0823838779914940e-01
  -7.8807938779914943e-01
  -7.3393138779914935e-01
  -7.6860538779914944e-01
  -8.2702138779914947e-01
  -8.7189238779914935e-01
  -7.4082838779914939e-01
  -7.3400238779914939e-01
  -7.6262138779914945e-01
  -6.9918238779914943e-01
  -7.0999638779914942e-01
  -7.2674938779914933e-01
  -7.7168738779914947e-01
  -7.9581638779914932e-01
  -7.6770838779914952e-01
  -7.9754538779914941e-01
  -7.8554038779914936e-01
  -7.6725438779914934e-01
  -8.8129538779914940e-01
  -8.8264138779914947e-01
  -7.4008438779914942e-01
  -6.5637038779914936e-01
  -6.8522138779914943e-01
  -6.1942938779914947e-01
  -6.5734338779914947e-01
  -6.1599638779914945e-01
  -6.7414538779914945e-01
  -6.1520038779914943e-01
  -6.0931938779914940e-01
  -6.9623238779914942e-01
  -6.5672738779914941e-01
  -6.0903438779914942e-01
  -6.2534438779914936e-01
  -6.7181338779914945e-01
  -6.0727838779914944e-01
  -7.0718238779914944e-01
  -6.2804438779914940e-01
  -6.6002638779914946e-01
  -8.7644938779914949e-01
  -8.8745438779914942e-01
  -8.3788938779914934e-01
  -8.7508738779914941e-01
  -8.7198438779914933e-01
  -8.8165038779914950e-01
  -8.5214738779914945e-01
  -9.0455438779914932e-01
  -9.1482338779914940e-01
  -8.2132738779914938e-01
  -7.8594138779914946e-01
  -8.4528438779914938e-01
  -8.1121238779914950e-01
  -9.2448138779914935e-01
  -8.9560238779914947e-01
  -7.1921838779914937e-01
  -7.7683438779914948e-01
  -8.1859338779914936e-01
  -8.2424238779914938e-01
  -5.5095138779914943e-01
  -7.3711738779914948e-01
  -7.4330738779914940e-01
  -7.2641638779914941e-01
  -7.5516238779914935e-01
  -7.4548738779914947e-01
  -7.7754938779914951e-01
  -9.0123638779914939e-01
  -7.6776638779914941e-01
  -7.4196238779914947e-01
  -5.7373738779914940e-01
  -5.9401538779914942e-01
  -5.7783938779914945e-01
  -6.4817938779914941e-01
  -7.5262638779914948e-01
  -6.9291838779914938e-01
  -6.1291638779914948e-01
  -6.8663538779914934e-01
  -7.2084838779914939e-01
  -5.1894238779914947e-01
  -8.5451838779914935e-01
  -9.0712738779914948e-01
  -7.9598638779914932e-01
  -8.9348338779914949e-01
  -7.5189838779914941e-01
  -6.6913938779914939e-01
  -7.4260638779914934e-01
  -7.3652038779914941e-01
  -6.2442838779914944e-01
  -7.5846938779914941e-01
  -7.1282638779914942e-01
  -6.6739738779914948e-01
  -6.6378738779914936e-01
  -5.8329138779914946e-01
  -6.1128638779914946e-01
  -7.0523338779914946e-01
  -6.9885538779914946e-01
  -3.2092338779914942e-01
  -8.5042738779914950e-01
  -8.3209738779914932e-01
  -8.4730438779914952e-01
  -9.0389538779914935e-01
  -8.7501138779914944e-01
  -9.2566638779914934e-01
  -8.1124138779914934e-01
  -8.0509138779914946e-01
  -8.3648138779914949e-01
  -8.1004238779914939e-01
  -7.7328238779914948e-01
  -7.8272738779914941e-01
  -7.0881038779914940e-01
  -7.2707638779914940e-01
  -4.5081538779914943e-01
  -5.3674338779914943e-01
  -5.2242138779914948e-01
  -7.4274138779914933e-01
  -6.1150738779914948e-01
  -6.7046838779914941e-01
  -7.2777138779914941e-01
  -5.8025438779914940e-01
  -5.8960338779914934e-01
  -6.7031638779914937e-01
  -6.0383838779914933e-01
  -6.6298438779914948e-01
  -1.3547938779914942e-01
  -3.1551738779914940e-01
  -7.3878938779914938e-01
  -8.1453238779914949e-01
  -7.5254038779914945e-01
  -7.5850738779914939e-01
  -5.4557338779914943e-01
  -6.2390238779914942e-01
  -6.5517338779914946e-01
  -7.3468238779914941e-01
  -8.1350238779914941e-01
  -6.9769638779914933e-01
  -6.9558838779914933e-01
  -7.2565638779914943e-01
  -5.4100438779914939e-01
  -5.7388938779914933e-01
  -6.3822138779914939e-01
  -6.0581138779914934e-01
  -1.5366038779914942e-01
  -8.6732138779914947e-01
  -8.6136538779914940e-01
  -6.0900938779914937e-01
  -5.3113338779914943e-01
  -6.8593738779914948e-01
  -6.2901238779914936e-01
  -6.5598238779914941e-01
  -6.0588638779914938e-01
  -5.3607038779914939e-01
  -1.5868338779914942e-01
  -5.4392438779914942e-01
  -6.2684838779914942e-01
  -8.4132738779914940e-01
  -5.1691138779914936e-01
  -6.2566438779914946e-01
  -8.0233338779914942e-01
  -4.7120038779914941e-01
  -7.3696338779914938e-01
  -5.8624038779914933e-01
  -5.3750038779914933e-01
  -7.8091438779914935e-01
  -8.0507838779914942e-01
  -5.3810538779914940e-01
  -5.3707038779914940e-01
  -7.8335238779914951e-01
  -4.4896038779914937e-01
  -7.2986238779914947e-01
  -7.6308338779914942e-01
  -7.3051338779914943e-01
  -6.1744738779914943e-01
  -5.7026938779914937e-01
  -6.3651338779914934e-01
  -7.6303738779914942e-01
  -5.1111038779914941e-01
  -7.7370438779914941e-01
  -6.7820238779914943e-01
  -6.2291038779914942e-01
  -6.9779538779914940e-01
  -9.3314438779914943e-01
  -9.0174838779914945e-01
  -7.6834338779914946e-01
  -7.1416538779914940e-01
  -7.0830038779914939e-01
  -6.6722838779914939e-01
  -6.8294838779914935e-01
  -7.0848138779914938e-01
  -7.3268438779914935e-01
  -7.1714438779914946e-01
  -6.9687638779914940e-01
  -6.8717938779914944e-01
  -6.9367338779914944e-01
  -6.6928438779914945e-01
  -6.0979838779914941e-01
  -6.5559338779914933e-01
  -6.8741338779914940e-01
  -7.3597438779914937e-01
  -7.9665738779914941e-01
  -6.7198738779914935e-01
  -7.0297138779914947e-01
  -6.4383638779914942e-01
  -6.8593138779914942e-01
  -6.6150038779914944e-01
  -7.2461538779914947e-01
  -6.2422438779914935e-01
  -6.8965638779914940e-01
  -7.6082338779914949e-01
  -6.1786938779914946e-01
  -6.3388438779914935e-01
  -7.0100438779914942e-01
  -6.2137338779914941e-01
  -6.6116338779914940e-01
  -8.4041538779914937e-01
  -9.4081638779914933e-01
  -7.0737038779914940e-01
  -7.1854738779914940e-01
  -6.9902338779914941e-01
  -7.1738238779914942e-01
  -6.9335538779914940e-01
  -8.7685038779914937e-01
  -8.7666738779914932e-01
  -8.6202738779914934e-01
  -7.9457238779914952e-01
  -9.0450638779914949e-01
  -8.3743938779914950e-01
  -7.8615538779914940e-01
  -9.7768338779914932e-01
  -1.0031511308051497e+00
  -7.1650938779914941e-01
  -7.2408938779914944e-01
  -6.8351538779914933e-01
  -7.1562738779914947e-01
  -6.1431838779914938e-01
  -6.0620338779914940e-01
  -5.9244338779914940e-01
  -8.1657538779914951e-01
  -8.1568838779914943e-01
  -7.5223038779914941e-01
  -7.9270038779914942e-01
  -8.8333938779914933e-01
  -7.3932938779914936e-01
  -7.1233738779914946e-01
  -6.6400038779914938e-01
  -6.7865638779914939e-01
  -6.9129838779914943e-01
  -7.5413538779914946e-01
  -7.0665138779914938e-01
  -7.0151038779914943e-01
  -6.2980738779914947e-01
  -5.8378638779914938e-01
  -6.1862138779914932e-01
  -7.2564338779914939e-01
  -7.3956238779914940e-01
  -7.0156538779914945e-01
  -8.1378238779914946e-01
  -7.6770838779914952e-01
  -7.6574838779914933e-01
  -8.4289238779914943e-01
  -7.7793338779914945e-01
  -7.9458438779914942e-01
  -7.6792638779914935e-01
  -7.5607038779914948e-01
  -7.8278538779914930e-01
  -7.9747238779914942e-01
  -7.9949438779914939e-01
  -8.1290838779914942e-01
  -7.1938838779914938e-01
  -7.1484138779914941e-01
  -8.6289338779914937e-01
  -5.9803438779914941e-01
  -6.2690338779914945e-01
  -7.8589738779914931e-01
  -8.1107938779914934e-01
  -7.8857638779914940e-01
  -7.7148738779914949e-01
  -6.6388738779914935e-01
  -6.6930638779914942e-01
  -7.3751338779914943e-01
  -6.7981338779914946e-01
  -7.4601038779914941e-01
  -7.2214338779914944e-01
  -5.8631038779914935e-01
  -6.3013238779914937e-01
  -9.0338238779914937e-01
  -9.0786238779914941e-01
  -8.5802138779914938e-01
  -7.5770438779914939e-01
  -7.3838538779914942e-01
  -7.6984138779914946e-01
  -7.7891738779914932e-01
  -8.0723238779914941e-01
  -7.3205638779914939e-01
  -7.7037738779914933e-01
  -8.2730938779914931e-01
  -6.9920238779914934e-01
  -8.6860138779914942e-01
  -7.2108138779914943e-01
  -6.7705138779914942e-01
  -8.4518738779914937e-01
  -6.8219938779914946e-01
  -7.0658338779914942e-01
  -6.9657938779914941e-01
  -6.7721938779914947e-01
  -7.5826738779914948e-01
  -5.6225338779914935e-01
  -5.7250238779914941e-01
  -8.4845838779914939e-01
  -8.7420838779914933e-01
  -9.3838638779914940e-01
  -8.2990038779914932e-01
  -7.9416338779914941e-01
  -7.1673738779914942e-01
  -8.2879438779914949e-01
  -8.4845138779914930e-01
  -8.4616938779914941e-01
  -7.4876138779914947e-01
  -7.8425138779914949e-01
  -7.4886438779914943e-01
  -4.0152238779914939e-01
  -2.7978738779914941e-01
  -3.4684938779914942e-01
  -8.3843938779914939e-01
  -8.6846438779914936e-01
  -8.9090938779914941e-01
  -8.5532238779914938e-01
  -7.5386138779914935e-01
  -9.4385338779914951e-01
  -8.3363138779914947e-01
  -8.2278038779914930e-01
  -9.7471438779914932e-01
  -9.3174338779914945e-01
  -9.3867738779914944e-01
  -9.2954438779914939e-01
  -9.1570438779914931e-01
  -9.3507138779914944e-01
  -8.6584538779914944e-01
  -8.2741638779914939e-01
  -9.3180938779914935e-01
  -9.4930838779914950e-01
  -9.4829538779914935e-01
  -9.4462038779914947e-01
  -1.1179623877991494e+00
  -6.7521438779914944e-01
  -6.2479238779914947e-01
  -6.4850638779914949e-01
  -8.8805138779914938e-01
  -8.5577038779914938e-01
  -7.2379938779914943e-01
  -8.5445338779914937e-01
  -8.5235438779914952e-01
  -8.5575038779914947e-01
  -8.8104938779914943e-01
  -8.9197338779914936e-01
  -8.8865938779914933e-01
  -9.3205538779914932e-01
  -6.2532138779914948e-01
  -1.0488863877991494e+00
  -1.0488813877991494e+00
  -1.1039703877991494e+00
  -1.1677303877991494e+00
  -1.0209203877991495e+00
  -9.4729638779914938e-01
  -9.6700238779914938e-01
  -9.5709538779914949e-01
  -9.8373338779914943e-01
  -1.3444353877991493e+00
  -1.2039923877991494e+00
  -1.3007263877991493e+00
  -1.3000973877991493e+00
  -9.2139438779914951e-01
  -9.6182338779914933e-01
  -9.7979938779914932e-01
  -1.0359673877991493e+00
  -9.8654438779914932e-01
  -9.7964938779914945e-01
  -9.9065038779914949e-01
  -9.8970238779914932e-01
  -1.3038093877991495e+00
  -7.6613338779914941e-01
  -7.0027838779914942e-01
  -8.0778038779914940e-01
  -6.2690938779914940e-01
  -6.1687238779914944e-01
  -5.9369138779914943e-01
  -6.0617838779914934e-01
  -7.1986038779914940e-01
  -9.8654638779914938e-01
  -9.7493838779914932e-01
  -7.6174338779914941e-01
  -9.3151338779914949e-01
  -8.0773038779914952e-01
  -9.5454338779914938e-01
  -8.4331438779914936e-01
  -9.4403838779914939e-01
  -1.1018153877991494e+00
  -1.0079653877991495e+00
  -1.0279763877991495e+00
  -1.0454233877991495e+00
  -1.0657773877991494e+00
  -1.0180693877991494e+00
  -1.0420833877991493e+00
  -1.1106733877991495e+00
  -1.0766083877991495e+00
  -1.0792483877991494e+00
  -1.0681343877991494e+00
  -1.0666903877991494e+00
  -1.1270813877991495e+00
  -1.1779773877991495e+00
  -1.2183743877991493e+00
  -1.2719543877991493e+00
  -1.2642363877991494e+00
  -1.2643183877991493e+00
  -1.3037023877991494e+00
  -1.2166293877991494e+00
  -1.1784383877991493e+00
  -1.2113283877991494e+00
  -1.2402233877991493e+00
  -7.5392538779914942e-01
   6.2716761220085049e-01
  -9.2097238779914936e-01
  -5.5937538779914942e-01
  -8.2115538779914932e-01
  -8.6576238779914938e-01
  -9.1134438779914939e-01
  -9.0225638779914941e-01
  -8.6335238779914936e-01
  -7.8927738779914947e-01
  -6.7921438779914944e-01
  -8.0266538779914942e-01
  -8.0191238779914942e-01
  -8.7268238779914942e-01
  -8.7628038779914941e-01
  -9.5891838779914940e-01
  -9.7812438779914945e-01
  -1.2773223877991493e+00
  -6.9226438779914945e-01
  -4.5970038779914940e-01
  -5.0090138779914939e-01
  -8.2063338779914941e-01
  -7.3639138779914948e-01
  -7.5223338779914939e-01
  -1.0129763877991493e+00
  -9.1130238779914952e-01
  -1.3253673877991494e+00
  -1.3092013877991493e+00
  -3.4391838779914941e-01
  -9.5469638779914945e-01
  -6.7333238779914939e-01
  -8.9901638779914950e-01
  -9.2765538779914936e-01
  -8.3557038779914938e-01
  -1.0015943877991493e+00
  -1.0402013877991494e+00
  -5.5194838779914934e-01
  -1.0189743877991495e+00
  -1.0526103877991495e+00
  -9.5277838779914936e-01
  -9.4718738779914946e-01
  -7.9609038779914942e-01
  -8.9455738779914951e-01
  -9.4550738779914933e-01
  -8.2439038779914942e-01
  -1.0072893877991493e+00
  -9.8673338779914932e-01
  -1.0228433877991494e+00
  -1.0494033877991493e+00
  -1.0157623877991495e+00
  -1.0719243877991493e+00
  -1.0489793877991493e+00
  -1.0263393877991493e+00
  -1.0190133877991494e+00
  -9.9020138779914935e-01
  -1.0194943877991494e+00
  -1.0827043877991493e+00
  -1.1191093877991494e+00
  -1.0758713877991495e+00
  -4.1241438779914941e-01
   1.9924861220085061e-01
   4.4258693607220978e-01
   7.8363261220085056e-01
   7.4119761220085056e-01
   7.1360661220085064e-01
   7.0390761220085052e-01
   7.9356761220085059e-01
   3.2261461220085058e-01
   7.6775161220085075e-01
   6.7909161220085057e-01
   7.7871561220085073e-01
  -3.7130138779914940e-01
  -3.8185538779914940e-01
   8.5207361220085054e-01
   8.0295761220085060e-01
   7.7031661220085068e-01
   8.0779261220085075e-01
   5.9447161220085065e-01
   8.2854361220085071e-01
   7.5424461220085059e-01
   7.0762161220085051e-01
   6.9506361220085067e-01
   6.6620061220085058e-01
   2.9141761220085055e-01
   6.8966161220085054e-01
   1.5489461220085060e-01
   8.5745361220085070e-01
  -9.3072138779914937e-01
  -6.8456638779914947e-01
  -6.8097338779914940e-01
  -7.7182338779914939e-01
  -7.6842638779914951e-01
  -8.1098138779914941e-01
  -9.2377438779914933e-01
  -8.3405438779914931e-01
  -9.4737738779914937e-01
  -9.2324138779914944e-01
  -8.0000138779914942e-01
  -8.0609538779914947e-01
   8.4448461220085069e-01
   6.9138661220085051e-01
   8.4335161220085064e-01
   1.2584626122008506e+00
   1.1805556327066382e+00
   8.1519061220085054e-01
   8.2940061220085060e-01
   8.4138861220085071e-01
   4.8714561220085056e-01
   7.1483761220085063e-01
   7.9732461220085060e-01
   8.0025061220085059e-01
   7.2514861220085058e-01
   7.8022361220085057e-01
   7.5986261220085072e-01
   7.5136461220085060e-01
   7.2810061220085065e-01
   6.4864461220085068e-01
   7.3429061220085057e-01
   7.8941361220085060e-01
   7.6463161220085074e-01
   7.6909261220085057e-01
   7.5086761220085063e-01
   7.3989961220085054e-01
   7.1262761220085058e-01
   6.7008261220085052e-01
  -5.9352338779914948e-01
   6.0464361220085050e-01
   7.5887961220085054e-01
   7.9485161220085065e-01
   7.4428661220085068e-01
   7.9838061220085055e-01
   9.6799561220085062e-01
   2.7909961220085061e-01
   8.5504961220085063e-01
   7.1237161220085055e-01
   7.6960261220085058e-01
   7.1568361220085053e-01
   7.6321361220085060e-01
   7.2061761220085052e-01
   7.5616261220085068e-01
   7.9678061220085072e-01
   7.7587061220085074e-01
   8.0169361220085067e-01
   8.1538261220085073e-01
   8.1706761220085067e-01
   6.2199061220085050e-01
   9.1122561220085063e-01
   7.4024361220085066e-01
   8.8877061220085074e-01
   5.3430261220085051e-01
   7.8147261220085062e-01
   4.7613861220085058e-01
   5.3442561220085061e-01
   5.9593761220085062e-01
   6.6324961220085066e-01
   6.3662861220085065e-01
   7.6198861220085057e-01
   1.6242461220085058e-01
   7.2235561220085054e-01
   7.8004761220085062e-01
   8.2560961220085072e-01
   7.7767461220085066e-01
   7.9850861220085068e-01
   6.7857961220085050e-01
   7.0749261220085069e-01
   7.0345361220085056e-01
   6.9200761220085050e-01
   7.1397261220085051e-01
   6.5946661220085057e-01
   8.2812661220085060e-01
   9.3191961220085062e-01
   9.5658861220085067e-01
   7.1833161220085051e-01
   1.9832061220085057e-01
   1.9944261220085058e-01
   1.9859161220085059e-01
   2.9220861220085054e-01
   8.3947461220085073e-01
   7.1412761220085064e-01
   6.9745661220085053e-01
   6.6800961220085053e-01
   7.7230761220085076e-01
   6.0748761220085057e-01
   8.4482861220085059e-01
   8.8076361220085064e-01
   1.5330466122008506e+00
   1.5364336122008506e+00
   1.3913706122008507e+00
   1.4813196122008507e+00
   7.9538861220085066e-01
   1.3106346122008508e+00
   7.7680661220085057e-01
   7.2239561220085058e-01
   7.4969361220085062e-01
   7.1949061220085064e-01
   7.4765461220085072e-01
   6.6637761220085068e-01
   7.7780061220085073e-01
   8.1195161220085055e-01
   7.2001761220085059e-01
   9.1024961220085054e-01
   7.5787661220085067e-01
   5.6202861220085065e-01
   8.3337561220085066e-01
   7.2225461220085063e-01
   8.1380761220085063e-01
   8.5559861220085054e-01
   9.1299061220085065e-01
   8.3617761220085063e-01
   7.8697161220085055e-01
   7.8649061220085059e-01
   8.7309961220085075e-01
   7.1302661220085062e-01
   6.1877261220085056e-01
   8.7652661220085060e-01
   7.9586261220085075e-01
   7.9993561220085074e-01
   8.3172761220085056e-01
   7.3134561220085059e-01
   7.3281361220085062e-01
   8.5851861220085057e-01
   8.6327661220085061e-01
   8.0480261220085070e-01
   8.8186761220085064e-01
   6.9351861220085054e-01
   5.1499561220085055e-01
   5.6234561220085055e-01
   9.2981761220085057e-01
   9.9201261220085057e-01
   7.4893661220085073e-01
   1.2298246122008507e+00
   9.5225261220085056e-01
   7.4357861220085075e-01
   3.3531761220085060e-01
   1.3681206122008507e+00
   8.4589161220085063e-01
   9.0045061220085065e-01
   2.9346061220085057e-01
   9.2543961220085058e-01
   6.2490361220085067e-01
   7.7414161220085065e-01
   7.4999061220085061e-01
   7.6081961220085059e-01
   7.4329461220085058e-01
   8.7529061220085058e-01
   8.9738361220085072e-01
   8.5168261220085073e-01
   9.0367961220085058e-01
   1.2899246122008508e+00
   9.7656961220085070e-01
   1.1910086122008507e+00
   3.3320861220085057e-01
   9.5178861220085054e-01
   1.5280366122008506e+00
   1.5040206122008506e+00
   1.4498466122008506e+00
   1.0259496122008507e+00
   1.0173556122008507e+00
   1.4588386122008505e+00
   9.8296261220085057e-01
   9.6762461220085072e-01
   9.8057261220085068e-01
   1.3600676122008506e+00
   9.1405961220085064e-01
   3.6120661220085054e-01
   9.9435961220085067e-01
   9.3942661220085055e-01
   9.3343461220085056e-01
   1.4842216122008507e+00
   1.3406376122008505e+00
   8.8917561220085073e-01
   1.3538496122008505e+00
   9.6631361220085066e-01
   6.8138561220085059e-01
   1.4476086122008507e+00
   1.5460286122008506e+00
   9.4335661220085054e-01
   8.4813961220085066e-01
   7.5705061220085068e-01
  -4.8797638779914942e-01
  -5.9597838779914936e-01
  -5.6916238779914941e-01
  -5.7422338779914939e-01
  -5.4684638779914940e-01
  -6.2828238779914947e-01
  -5.0991738779914941e-01
  -5.7891338779914947e-01
  -6.8958938779914947e-01
  -6.9720038779914939e-01
  -5.2799538779914945e-01
  -5.2920738779914944e-01
  -5.1397838779914939e-01
  -6.4646638779914944e-01
  -5.5730538779914940e-01
  -6.1503438779914943e-01
  -4.7050238779914944e-01
  -8.9510238779914930e-01
  -6.3679338779914940e-01
  -5.0494638779914935e-01
  -6.5678138779914941e-01
  -6.8897638779914938e-01
  -6.3202138779914940e-01
  -6.0959938779914946e-01
  -5.4109438779914942e-01
  -5.2082738779914939e-01
  -6.0145438779914939e-01
  -5.8090938779914936e-01
  -4.6581638779914941e-01
  -5.0562638779914937e-01
  -6.7801138779914938e-01
  -6.8311538779914938e-01
  -6.7525538779914940e-01
  -6.7642738779914935e-01
  -6.1642638779914938e-01
  -5.9339438779914944e-01
  -5.3544138779914940e-01
  -5.5982138779914936e-01
  -5.1741738779914948e-01
  -5.3538338779914940e-01
  -5.0805938779914939e-01
  -6.5802638779914946e-01
  -6.9992738779914943e-01
  -6.4197138779914942e-01
  -6.6190438779914940e-01
  -7.4251838779914947e-01
  -6.4336438779914940e-01
  -5.9609538779914939e-01
  -6.2066938779914937e-01
  -6.1790538779914939e-01
  -5.6931538779914947e-01
  -6.5606338779914941e-01
  -5.3730738779914944e-01
  -5.5654438779914939e-01
  -4.3631938779914942e-01
  -4.3091638779914943e-01
  -7.4269138779914945e-01
  -7.5463838779914938e-01
  -7.3368538779914938e-01
  -7.0437638779914935e-01
  -8.0929338779914950e-01
  -7.2422038779914943e-01
  -7.5218738779914940e-01
  -5.4056638779914934e-01
  -8.7264138779914946e-01
  -8.1494738779914933e-01
  -7.7366438779914937e-01
  -7.5835538779914935e-01
  -6.2317038779914946e-01
  -5.1405638779914942e-01
  -8.8133038779914941e-01
  -8.6818438779914930e-01
  -8.4586438779914941e-01
  -8.6440338779914949e-01
  -8.6094138779914942e-01
  -8.6700638779914940e-01
  -8.4634238779914939e-01
  -6.7585638779914947e-01
  -6.6774938779914939e-01
  -6.1075538779914940e-01
  -4.4219838779914944e-01
  -8.1278438779914941e-01
  -7.8097438779914952e-01
  -7.3055438779914939e-01
  -6.5761838779914938e-01
  -6.5863938779914943e-01
  -8.0048338779914952e-01
  -7.8733338779914930e-01
  -8.0307138779914933e-01
  -7.6225838779914934e-01
  -7.6634038779914948e-01
  -6.8670138779914947e-01
  -5.9851238779914939e-01
  -4.9436838779914938e-01
  -5.8636438779914934e-01
  -6.4951938779914942e-01
  -6.3732938779914938e-01
  -8.4789838779914950e-01
  -8.2240938779914941e-01
  -7.6848038779914951e-01
  -7.3481238779914948e-01
  -7.6133938779914945e-01
  -7.1234838779914944e-01
  -7.4626538779914942e-01
  -6.5952538779914938e-01
  -6.6858738779914939e-01
  -6.7849438779914939e-01
  -7.0195538779914934e-01
  -7.0242838779914940e-01
  -6.6907538779914943e-01
  -7.0475638779914940e-01
  -6.4354138779914938e-01
  -6.5277638779914948e-01
  -6.8457538779914939e-01
  -7.3358738779914945e-01
  -6.0588038779914943e-01
  -5.8241638779914939e-01
  -5.6494038779914946e-01
  -5.2199438779914942e-01
  -5.6589138779914938e-01
  -5.7381438779914939e-01
  -5.4118438779914935e-01
  -5.0186338779914941e-01
  -4.9029638779914941e-01
  -5.0668038779914937e-01
  -9.1398538779914951e-01
  -8.4229738779914931e-01
  -8.3888838779914932e-01
  -8.2849938779914933e-01
  -7.7085238779914933e-01
  -8.1189538779914949e-01
  -7.3257238779914946e-01
  -7.1871738779914940e-01
  -7.3184438779914940e-01
  -7.3566238779914939e-01
  -6.8274938779914940e-01
  -7.1827138779914934e-01
  -7.8364738779914944e-01
  -7.0745538779914940e-01
  -7.2784638779914945e-01
  -8.0153838779914932e-01
  -7.6064038779914944e-01
  -8.2285838779914933e-01
  -6.9294338779914944e-01
  -7.9421738779914941e-01
  -8.0219638779914937e-01
  -8.3041138779914947e-01
  -7.3919638779914942e-01
  -6.9393638779914935e-01
  -6.7433638779914939e-01
  -6.9604438779914934e-01
  -7.1435638779914945e-01
  -6.8772538779914938e-01
  -6.6717238779914934e-01
  -6.4535938779914948e-01
  -6.7742138779914940e-01
  -5.9660138779914940e-01
  -6.3823238779914937e-01
  -6.3389238779914936e-01
  -6.9428638779914942e-01
  -5.8221738779914944e-01
  -6.2113738779914940e-01
  -5.6533438779914946e-01
  -6.0202238779914941e-01
  -5.3367038779914933e-01
  -5.0601038779914942e-01
  -7.3101338779914937e-01
  -6.8588038779914939e-01
  -7.0669238779914934e-01
  -5.9558738779914933e-01
  -7.1518338779914936e-01
  -9.1581938779914940e-01
  -7.5923338779914940e-01
  -7.6928638779914937e-01
  -7.5576838779914945e-01
  -7.7198638779914930e-01
  -7.8514338779914938e-01
  -7.0985238779914939e-01
  -7.4250638779914935e-01
  -7.7664838779914946e-01
  -7.4983738779914944e-01
  -7.4603938779914936e-01
  -7.4544238779914940e-01
  -7.1449438779914942e-01
  -7.2672238779914933e-01
  -6.9127838779914941e-01
  -6.4055238779914947e-01
  -6.7907938779914945e-01
  -7.0637538779914943e-01
  -7.3132738779914941e-01
  -6.9550238779914941e-01
  -7.0474538779914941e-01
  -7.2589238779914944e-01
  -7.2254738779914940e-01
  -5.9820738779914939e-01
  -6.2000138779914948e-01
  -6.3780238779914944e-01
  -6.4136238779914945e-01
  -6.0940638779914935e-01
   8.0827861220085073e-01
   7.1902861220085068e-01
  -6.6845738779914943e-01
  -7.0640238779914943e-01
  -7.0388138779914944e-01
  -7.2105938779914935e-01
  -7.4953138779914941e-01
  -7.2662038779914939e-01
  -6.4852838779914945e-01
  -6.6812538779914943e-01
  -7.0717738779914940e-01
  -6.5323738779914942e-01
  -7.0193638779914935e-01
  -6.6511838779914934e-01
  -6.7503638779914943e-01
  -6.1672938779914943e-01
   4.8552461220085058e-01
   4.5016761220085061e-01
   7.8578561220085064e-01
  -7.0868538779914947e-01
  -7.0788638779914947e-01
  -6.5100638779914943e-01
  -5.9896438779914940e-01
   8.5745861220085073e-01
   8.4620561220085055e-01
   2.3243361220085057e-01
   8.1451761220085062e-01
   7.2386961220085055e-01
   8.9017761220085068e-01
   7.5318261220085070e-01
   6.8433261220085062e-01
   8.0303061220085059e-01
   6.8677161220085070e-01
   8.0889822764824348e-01
   1.0628346122008507e+00
   5.8227761220085061e-01
   8.3245461220085071e-01
   9.5746961220085058e-01
  -6.1206238779914934e-01
   5.8891361220085070e-01
  -7.0238338779914944e-01
  -6.8872438779914935e-01
  -6.7829138779914944e-01
  -6.8737938779914942e-01
  -6.6233238779914938e-01
   5.8062661220085054e-01
   8.2125861220085072e-01
   7.9773261220085057e-01
   7.0509861220085068e-01
   6.5697061220085051e-01
   6.5344661220085065e-01
   1.0092836122008506e+00
   7.3585861220085058e-01
  -7.0919238779914939e-01
   7.3442861220085054e-01
   8.0894661220085062e-01
   7.8819061220085063e-01
   7.7142461220085057e-01
   7.7686361220085054e-01
   6.9687861220085057e-01
   1.0242296122008507e+00
   8.3596661220085067e-01
   1.4974406122008506e+00
   8.6230261220085058e-01
   8.0655261220085062e-01
   8.9661761220085068e-01
   9.7545161220085075e-01
   9.3734961220085067e-01
   9.1782661220085071e-01
   1.1095806122008507e+00
   9.1702761220085072e-01
   8.0807561220085056e-01
   7.9153161220085066e-01
   7.8863261220085068e-01
   8.5632561220085068e-01
   9.1773861220085062e-01
   6.9777361220085066e-01
   7.5364861220085055e-01
   6.3866061220085069e-01
   9.6916661220085065e-01
   9.3153461220085054e-01
   1.7639316122008506e+00
   1.7177506122008506e+00
   1.8807306122008505e+00
   1.7790376122008504e+00
   1.7830206122008507e+00
   1.7011126122008506e+00
   1.7635026122008506e+00
   1.7223576122008506e+00
   1.7399276122008505e+00
   1.7506726122008505e+00
   1.7544336122008508e+00
   1.7118086122008507e+00
   1.7361706122008507e+00
   1.8802176122008507e+00
   1.8757116122008506e+00
   1.8472436122008504e+00
   1.7834816122008508e+00
   1.8042896122008505e+00
   1.8295456122008507e+00
   1.8360926122008505e+00
   1.7919186122008506e+00
   9.1677461220085066e-01
   1.0546766122008506e+00
   1.7938906122008504e+00
   7.3581361220085051e-01
   8.0823261220085074e-01
   7.6636361220085059e-01
   7.4865561220085075e-01
   1.6582806122008507e+00
   1.6231306122008506e+00
   1.7653106122008506e+00
   1.7268186122008506e+00
   1.7457356122008505e+00
   1.8080016122008506e+00
   1.7078926122008506e+00
   1.8186266122008508e+00
   1.8251436122008509e+00
   1.8653636122008506e+00
   1.8043546122008507e+00
   1.7603506122008505e+00
   1.8748516122008507e+00
   1.8605176122008504e+00
   1.8657236122008507e+00
   1.7926166122008504e+00
   1.6383636122008507e+00
   1.6093216122008507e+00
   9.7873761220085065e-01
   7.4947761220085063e-01
   7.9463461220085074e-01
   7.1635461220085062e-01
   9.7583361220085063e-01
   6.6986161220085050e-01
   7.4983661220085063e-01
   7.3496761220085061e-01
   1.6237796122008505e+00
   1.6426216122008506e+00
   1.0525736122008507e+00
   1.0042896122008507e+00
   1.7653396122008507e+00
   1.6579556122008507e+00
   8.6856161220085060e-01
   8.7291961220085068e-01
   1.5573506122008507e+00
   1.5750746122008505e+00
   1.6756506122008505e+00
   1.8037536122008506e+00
   1.6212416122008506e+00
   1.6956146122008506e+00
   1.7155086122008507e+00
   1.7159696122008508e+00
   1.7570366122008505e+00
   1.7046006122008506e+00
   1.7315186122008506e+00
   1.8480456122008506e+00
   1.8697136122008506e+00
   1.8605356122008507e+00
   1.8024706122008507e+00
   1.1006056122008507e+00
   1.7550096122008505e+00
   7.4416561220085065e-01
   7.3522261220085050e-01
   9.1293061220085070e-01
   9.2962161220085071e-01
   7.3006761220085070e-01
   7.3831661220085065e-01
   9.4948761220085065e-01
   1.7277426122008506e+00
   1.8498606122008507e+00
   1.8146316122008506e+00
   7.6623261220085070e-01
   1.6521116122008506e+00
   1.7372276122008508e+00
   1.6664096122008507e+00
   1.6003566122008506e+00
   1.8212076122008505e+00
   1.8944016122008505e+00
   1.8376626122008506e+00
   1.8505226122008505e+00
   1.8815796122008506e+00
   1.8871236122008506e+00
   1.8930866122008505e+00
   1.8906546122008507e+00
   1.8252446122008508e+00
   1.8496756122008506e+00
   1.8860756122008506e+00
   1.8406296122008505e+00
   1.8739106122008506e+00
   1.8186846122008509e+00
   1.8000176122008507e+00
   1.8394886122008505e+00
   1.8194736122008506e+00
   1.8357186122008506e+00
   1.7937006122008505e+00
   1.8456336122008505e+00
   1.8392776122008507e+00
   1.8430136122008507e+00
   1.8041506122008506e+00
   1.8535196122008506e+00
   1.8233986122008508e+00
   1.8139536122008508e+00
   1.6969816122008508e+00
   1.6581026122008506e+00
   1.7605026122008505e+00
   1.8538516122008508e+00
   1.0820026122008506e+00
   1.8094486122008508e+00
   1.8357566122008506e+00
   1.7140076122008507e+00
   1.7550516122008506e+00
   8.6305561220085059e-01
   7.1063861220085056e-01
   1.8034216122008508e+00
   1.7399436122008505e+00
   7.4730661220085071e-01
   7.8819161220085054e-01
   7.9382861220085066e-01
   1.8548866122008507e+00
   1.8439616122008509e+00
   7.1718561220085064e-01
   7.4421261220085055e-01
   1.0429866122008506e+00
   1.7695376122008508e+00
   1.7696686122008505e+00
   1.7325976122008506e+00
   1.7603036122008506e+00
   1.7183016122008508e+00
   1.7137486122008507e+00
   1.7122036122008506e+00
   1.7203736122008506e+00
   1.7141596122008507e+00
   1.7021556122008505e+00
   1.6998476122008506e+00
   1.6985776122008507e+00
   1.6897386122008506e+00
   1.6726436122008506e+00
   1.6664796122008507e+00
   1.6653286122008506e+00
   1.5683236122008506e+00
   1.5366206122008506e+00
   1.0721156122008506e+00
   1.0736146122008507e+00
   1.0733886122008507e+00
   1.0858946122008506e+00
   1.0992746122008505e+00
   1.6321906122008507e+00
   1.6205426122008506e+00
   1.5964206122008506e+00
   1.5893976122008506e+00
   7.1533161220085062e-01
   7.6503661220085073e-01
   1.6047066122008506e+00
   1.6463756122008506e+00
   1.0667506122008505e+00
   1.0459356122008507e+00
   1.0340696122008506e+00
   1.7758016122008506e+00
   1.8554466122008508e+00
   1.8592816122008509e+00
   1.8778596122008506e+00
   1.7854796122008507e+00
   1.7881696122008506e+00
   1.8198566122008508e+00
   1.8614896122008509e+00
   1.8755746122008505e+00
   1.7986086122008504e+00
   1.8059086122008507e+00
   1.8140286122008507e+00
   1.8399206122008505e+00
   1.7538026122008505e+00
   7.2683061220085055e-01
   6.8645761220085055e-01
   7.6744161220085072e-01
   7.6821561220085055e-01
   7.2649661220085049e-01
   6.8923861220085070e-01
   7.2607961220085060e-01
   7.1051861220085066e-01
   7.2615961220085068e-01
   7.2598761220085062e-01
   6.8568261220085058e-01
   6.8350961220085060e-01
   7.2413761220085049e-01
   7.1064461220085051e-01
   7.2444361220085063e-01
   6.8591661220085065e-01
   6.8617461220085052e-01
   1.7955616122008509e+00
   1.7575086122008508e+00
   1.7540876122008509e+00
   1.7235916122008506e+00
   1.7483666122008505e+00
   1.7294436122008507e+00
   1.6989616122008506e+00
   1.7414166122008508e+00
   1.5601866122008508e+00
   1.5929096122008506e+00
   1.0639916122008506e+00
   1.0759426122008506e+00
   1.8555596122008506e+00
   1.8111816122008506e+00
   1.8167526122008508e+00
   1.7518266122008506e+00
   1.8160746122008506e+00
   1.7807516122008507e+00
   1.7483936122008508e+00
   1.8620166122008508e+00
   1.8420096122008507e+00
   1.8188966122008507e+00
   1.8876106122008507e+00
   1.8264986122008506e+00
   1.7992326122008506e+00
   1.8381886122008508e+00
   1.6084506122008506e+00
   1.5909126122008506e+00
   1.6345846122008507e+00
   1.6064446122008507e+00
   1.6825266122008506e+00
   1.6131656122008506e+00
   1.5970946122008507e+00
   6.8381961220085064e-01
   1.6295106122008507e+00
   1.6113156122008507e+00
   6.5906161220085058e-01
   7.2996461220085052e-01
   7.0597961220085059e-01
   6.8741661220085049e-01
   6.9128661220085053e-01
   6.9792261220085061e-01
   7.7891161220085059e-01
   1.0463356122008507e+00
   1.0268086122008506e+00
   1.8172966122008505e+00
   1.8442116122008507e+00
   1.6596246122008507e+00
   1.7064226122008506e+00
   1.7574886122008506e+00
   1.7144446122008505e+00
   1.8071826122008507e+00
   1.7922706122008505e+00
   1.7685116122008508e+00
   1.6862786122008506e+00
   1.7731176122008507e+00
   1.7574436122008505e+00
   1.7417476122008508e+00
   1.7042016122008508e+00
   1.7103476122008507e+00
   1.6526226122008507e+00
   1.7247566122008506e+00
   8.8455061220085063e-01
   8.9706261220085071e-01
   1.5776166122008506e+00
   1.6111576122008506e+00
   1.0750576122008506e+00
   8.8584261220085070e-01
   1.6076766122008506e+00
   1.0326676122008507e+00
   1.0385026122008507e+00
   1.0704086122008507e+00
   1.0552926122008506e+00
   1.5185676122008507e+00
   1.5659356122008508e+00
   1.5811186122008507e+00
   1.6139876122008507e+00
   1.5081386122008507e+00
   7.1850061220085060e-01
   1.0154986122008507e+00
   1.0295956122008507e+00
   1.0580106122008506e+00
   1.0554686122008508e+00
   1.0549876122008506e+00
   1.0599386122008507e+00
   1.0842026122008506e+00
   1.5159446122008506e+00
   1.1243376122008506e+00
   6.7933461220085056e-01
   1.5851116122008506e+00
   1.6491386122008507e+00
   1.5815256122008507e+00
   7.9091361220085066e-01
   7.8607261220085056e-01
   1.6177756122008506e+00
   7.9355661220085061e-01
   8.0362461220085057e-01
   1.6175816122008506e+00
   1.5665726122008508e+00
   1.6975256122008506e+00
   1.8837996122008505e+00
   1.8138286122008507e+00
   1.8282486122008506e+00
   1.7931306122008508e+00
   1.8410696122008507e+00
   1.7885276122008504e+00
   1.8012046122008505e+00
   1.7525536122008505e+00
   1.7904486122008507e+00
   8.9223461220085065e-01
   1.7646906122008506e+00
   1.7627526122008506e+00
   1.7541886122008508e+00
   1.8148756122008505e+00
   7.7950661220085071e-01
   1.7355586122008506e+00
   1.7531536122008509e+00
   1.7265846122008506e+00
   1.7133606122008507e+00
   1.7344426122008507e+00
   1.6855976122008507e+00
   1.6809856122008506e+00
   1.7259036122008506e+00
   1.7383446122008508e+00
   1.7161036122008506e+00
   1.6859546122008506e+00
   6.4946061220085061e-01
   6.2065761220085069e-01
   7.1942261220085069e-01
   6.5298761220085066e-01
   1.7052746122008506e+00
   1.6639856122008507e+00
   1.6877096122008506e+00
   1.6370716122008506e+00
   9.7576761220085073e-01
   9.9500061220085056e-01
   1.5956236122008507e+00
   1.8307226122008509e+00
   1.8212416122008508e+00
   1.8223746122008506e+00
   1.7788526122008508e+00
   1.8808026122008508e+00
   1.7800126122008508e+00
   1.7545996122008505e+00
   1.7367616122008507e+00
   1.8067266122008505e+00
   1.7425246122008506e+00
   1.7149496122008507e+00
   1.7300716122008506e+00
   9.0471361220085056e-01
   1.7146296122008506e+00
   9.6800561220085068e-01
   9.6014761220085054e-01
   7.9038361220085074e-01
   8.3756161220085068e-01
   8.3118761220085058e-01
   6.9050661220085052e-01
   1.7004946122008506e+00
   1.5445586122008506e+00
   1.5593996122008507e+00
   1.7745786122008507e+00
   1.7906836122008507e+00
   1.8080376122008508e+00
   1.7730856122008507e+00
   1.7257616122008506e+00
   8.7205561220085070e-01
   1.7215926122008507e+00
   1.7715436122008505e+00
   1.7519886122008506e+00
   1.7718596122008508e+00
   9.5265361220085065e-01
   9.7538061220085059e-01
   9.3696561220085073e-01
   9.5597461220085056e-01
   1.6314326122008507e+00
   1.6356306122008506e+00
   1.6947656122008508e+00
   1.6959926122008506e+00
   1.6925346122008507e+00
   1.6905746122008507e+00
   6.6605461220085060e-01
   8.7181061220085065e-01
   1.6398476122008507e+00
   1.6885536122008507e+00
   1.6679786122008506e+00
   1.6435626122008506e+00
   1.7083256122008506e+00
   1.6950176122008507e+00
   1.0227956122008506e+00
   7.3024861220085069e-01
   1.6104916122008506e+00
   6.8715461220085050e-01
   1.6423916122008506e+00
   9.9396261220085069e-01
   7.3357761220085060e-01
   8.5027161220085068e-01
   1.0499406122008506e+00
   1.0188576122008506e+00
   1.0246176122008506e+00
   1.5280746122008506e+00
   8.4145961220085064e-01
   6.7856061220085051e-01
   7.2262261220085056e-01
   7.4284061220085063e-01
   6.3615861220085068e-01
   7.4425061220085076e-01
   7.4783561220085071e-01
   7.5205661220085074e-01
   8.3249361220085061e-01
   7.7028661220085071e-01
   8.6075061220085058e-01
   8.2317361220085061e-01
   7.8548561220085067e-01
   7.3651961220085060e-01
   7.4049361220085075e-01
   7.4627161220085059e-01
   7.8056461220085072e-01
   8.7845461220085075e-01
   7.9120261220085064e-01
   7.3021461220085060e-01
   7.6403161220085059e-01
   7.6812161220085073e-01
   8.1278861220085075e-01
   8.0950661220085074e-01
   8.1613561220085074e-01
   7.5030361220085062e-01
   7.5446861220085060e-01
   8.5666361220085063e-01
   6.4759961220085049e-01
   7.9631061220085075e-01
   1.7873716122008505e+00
   1.7971026122008504e+00
   6.9762861220085060e-01
   6.7387461220085054e-01
   7.5949761220085055e-01
   6.6841661220085058e-01
   1.0629056122008507e+00
   8.5375261220085075e-01
   9.6568161220085069e-01
   6.3861461220085070e-01
   6.6116061220085065e-01
   1.0007406122008506e+00
   1.0317006122008507e+00
   9.6363661220085062e-01
   1.7595126122008506e+00
   1.7696166122008508e+00
   1.7984906122008508e+00
   1.7702526122008508e+00
   1.7700476122008506e+00
   1.7555626122008505e+00
   1.7638086122008507e+00
   1.7631116122008506e+00
   1.7330606122008507e+00
   9.5045261220085075e-01
   1.3107596122008507e+00
   1.2500706122008507e+00
   1.2350786122008506e+00
   1.2828056122008507e+00
   1.2623726122008507e+00
   1.2695376122008506e+00
   1.1429076122008506e+00
   1.1805546122008506e+00
   9.9380261220085075e-01
   8.6827961220085070e-01
   1.7171986122008507e+00
   1.6480036122008506e+00
   1.6423976122008506e+00
   1.6208746122008506e+00
   6.0062161220085053e-01
   1.0386276122008506e+00
   1.2594876122008507e+00
   6.0698461220085065e-01
   6.9050061220085057e-01
   6.7316961220085059e-01
   6.0859661220085060e-01
   6.6083261220085054e-01
   6.1777461220085050e-01
   6.6053561220085055e-01
   6.3539061220085058e-01
   6.3632261220085051e-01
   6.4113361220085063e-01
   6.4209861220085052e-01
   6.4379061220085054e-01
   6.4915661220085052e-01
   6.5808261220085051e-01
   6.8478261220085068e-01
   6.5291061220085056e-01
   6.8533561220085049e-01
   6.6506461220085056e-01
   6.8907361220085050e-01
   6.9774761220085058e-01
   9.9688161220085059e-01
   9.1465761220085073e-01
   9.5017361220085061e-01
   9.9616761220085071e-01
   1.0444896122008507e+00
   9.7026061220085058e-01
   9.3127061220085072e-01
   9.7232861220085054e-01
   1.3214546122008506e+00
   1.3065436122008507e+00
   1.3190866122008507e+00
   1.2332986122008507e+00
   9.1706961220085059e-01
   9.0619261220085057e-01
   9.2344261220085055e-01
   9.4097961220085069e-01
   9.5969061220085061e-01
   9.9419961220085074e-01
   9.8410761220085075e-01
   9.6637861220085064e-01
   1.0081376122008507e+00
   1.0124676122008507e+00
   9.4118261220085064e-01
   1.0099096122008506e+00
   1.0050766122008505e+00
   1.4510636122008507e+00
   1.4508426122008506e+00
   1.4330076122008506e+00
   1.4514076122008506e+00
   1.0262076122008505e+00
   1.4320516122008506e+00
   1.4369256122008507e+00
   1.0217076122008506e+00
   1.0096646122008506e+00
   1.0227666122008507e+00
   1.5342496122008507e+00
   1.4416986122008506e+00
   1.0083056122008507e+00
   1.0058026122008505e+00
   1.0237826122008507e+00
   1.4513376122008506e+00
   9.7522761220085075e-01
   3.5265461220085054e-01
   9.6707261220085061e-01
   1.0088346122008507e+00
   9.7886661220085069e-01
   9.4488161220085054e-01
   9.6596061220085061e-01
   9.6869661220085068e-01
   9.8299861220085072e-01
   9.7347061220085074e-01
   1.0242426122008506e+00
   8.3349261220085058e-01
   1.5519506122008506e+00
   1.5587766122008506e+00
   1.5298636122008507e+00
   1.5392716122008507e+00
   1.5426926122008506e+00
   1.5418776122008506e+00
   1.5484596122008507e+00
   9.0739961220085075e-01
   9.2712461220085074e-01
   7.0185361220085052e-01
   1.5554076122008507e+00
   9.6702261220085073e-01
   1.0088436122008506e+00
   1.6456986122008506e+00
   6.9899861220085069e-01
   1.7358956122008506e+00
   7.7626161220085055e-01
   7.2438661220085065e-01
   9.2726061220085065e-01
   9.4828561220085072e-01
   7.8819461220085074e-01
   7.6787961220085066e-01
   7.9457361220085065e-01
   7.6211861220085075e-01
   8.0188961220085075e-01
   7.9168961220085055e-01
   1.7974436122008506e+00
   7.7315461220085058e-01
   8.8797861220085061e-01
   7.8602761220085071e-01
   7.8631061220085074e-01
   1.8392276652546975e+00
  -5.2778638779914933e-01
  -8.2376738779914938e-01
  -8.4770138779914950e-01
  -8.2997038779914933e-01
  -8.8828538779914945e-01
  -8.5870938779914940e-01
  -8.6852238779914948e-01
  -8.8543938779914932e-01
  -8.3429338779914941e-01
  -8.5631938779914951e-01
  -8.7709538779914942e-01
  -8.5151438779914934e-01
  -8.4426138779914939e-01
  -8.0996338779914945e-01
  -7.9983338779914948e-01
  -7.9521938779914936e-01
  -7.4286038779914942e-01
  -8.7788838779914946e-01
  -8.1331438779914933e-01
  -8.6699338779914936e-01
  -8.4254438779914942e-01
  -8.2469938779914931e-01
  -7.3765238779914943e-01
  -7.6634738779914935e-01
  -7.5274438779914943e-01
  -9.2281238779914943e-01
  -8.4291438779914940e-01
  -8.7258838779914938e-01
  -8.6992338779914946e-01
  -8.0759638779914944e-01
  -8.7402638779914943e-01
  -8.9300638779914943e-01
  -8.3487338779914944e-01
  -8.2566138779914944e-01
  -8.7897638779914944e-01
  -8.7626638779914945e-01
  -8.7803138779914947e-01
  -9.1160038779914943e-01
  -8.3879038779914938e-01
  -8.7463938779914940e-01
  -8.7423638779914947e-01
  -9.0952338779914932e-01
  -8.7686838779914944e-01
  -9.0784138779914936e-01
  -8.8058538779914941e-01
  -8.3568538779914947e-01
  -9.0893138779914939e-01
  -8.7240738779914939e-01
  -1.0398195662003284e+00
  -7.6864738779914932e-01
  -7.4270438779914949e-01
  -8.3217738779914940e-01
  -8.3348638779914941e-01
  -8.7316138779914931e-01
  -6.9989738779914945e-01
  -7.7510738779914945e-01
  -8.6000538779914937e-01
  -8.3624538779914936e-01
  -7.7022938779914951e-01
  -7.6920638779914952e-01
  -7.6930938779914948e-01
  -8.2253038779914944e-01
  -7.3040938779914943e-01
  -7.2395538779914936e-01
  -7.7146638779914944e-01
  -8.4102338779914931e-01
  -7.7114038779914940e-01
  -6.8719138779914934e-01
  -7.4083638779914940e-01
  -7.4680938779914940e-01
  -7.4442638779914938e-01
  -7.3318238779914946e-01
  -6.7253238779914937e-01
  -7.0203038779914939e-01
  -6.8815538779914942e-01
  -6.7084638779914940e-01
  -6.8098338779914935e-01
  -6.6950538779914948e-01
  -6.2176938779914948e-01
  -6.3441038779914938e-01
  -8.1603538779914930e-01
  -8.2095638779914948e-01
  -7.9102938779914944e-01
  -7.9187538779914934e-01
  -8.5075138779914949e-01
  -8.4270138779914938e-01
  -8.3591638779914934e-01
  -8.4776838779914931e-01
  -8.4747738779914950e-01
  -7.8403438779914936e-01
  -7.8835238779914940e-01
  -8.0064038779914948e-01
  -8.0214438779914943e-01
  -7.5168938779914940e-01
  -7.9574938779914950e-01
  -7.2183638779914938e-01
  -7.1876838779914942e-01
  -7.0669538779914942e-01
  -7.4383438779914934e-01
  -7.5860738779914949e-01
  -7.2035538779914943e-01
  -7.5396838779914943e-01
  -7.4823038779914941e-01
  -6.7978238779914935e-01
  -6.9660138779914949e-01
  -7.6791738779914942e-01
  -7.4373138779914938e-01
  -6.3858338779914936e-01
  -7.0527038779914941e-01
  -6.9512438779914942e-01
  -6.6721738779914941e-01
  -6.0596738779914938e-01
  -5.8351438779914933e-01
  -5.3590238779914934e-01
  -5.4415738779914946e-01
  -5.0477538779914943e-01
  -4.7848838779914937e-01
  -5.7409038779914945e-01
  -5.6811438779914947e-01
  -5.0376538779914937e-01
  -5.4616538779914947e-01
  -5.3672538779914936e-01
  -5.7846338779914941e-01
  -4.6820438779914941e-01
  -7.6025238779914939e-01
  -5.0554638779914940e-01
  -8.3920638779914936e-01
  -8.2419038779914944e-01
  -8.4926138779914950e-01
  -6.0468138779914948e-01
  -5.1820538779914949e-01
  -4.9298138779914941e-01
  -5.2912238779914933e-01
  -8.2973338779914951e-01
  -8.1398038779914939e-01
  -8.3353338779914932e-01
  -7.8852638779914930e-01
  -8.3179938779914941e-01
  -7.8032338779914934e-01
  -8.5335438779914941e-01
  -8.1244438779914940e-01
  -8.0788038779914939e-01
  -8.4077638779914943e-01
  -8.6665138779914930e-01
  -8.5517938779914937e-01
  -7.8253638779914936e-01
  -8.1017538779914933e-01
  -8.5024538779914938e-01
  -8.4500238779914949e-01
  -7.9044138779914941e-01
  -8.3675538779914937e-01
  -7.5165838779914940e-01
  -7.7957438779914945e-01
  -8.0750738779914943e-01
  -6.3835238779914949e-01
  -5.6097638779914938e-01
  -4.9716138779914942e-01
  -8.9145538779914935e-01
  -8.8023038779914931e-01
  -8.8056438779914936e-01
  -8.5911538779914931e-01
  -8.6525838779914932e-01
  -8.5641738779914944e-01
   4.8375612200850571e-02
  -6.5363877991493902e-03
   3.5315612200850610e-02
  -6.9650738779914945e-01
  -7.4398738779914941e-01
  -7.5234538779914939e-01
  -6.9521338779914943e-01
  -9.0506438779914933e-01
  -9.0664238779914941e-01
  -9.0593638779914931e-01
  -9.0822038779914949e-01
  -8.9058838779914939e-01
  -8.1267238779914930e-01
  -7.6600538779914951e-01
  -7.7338338779914939e-01
  -7.5274238779914948e-01
  -7.6123638779914948e-01
  -7.7998338779914933e-01
  -8.0094838779914945e-01
  -7.9329238779914935e-01
  -7.9108038779914946e-01
  -6.7312238779914946e-01
  -6.9387238779914939e-01
  -7.0534738779914941e-01
  -7.3553638779914943e-01
  -6.9403738779914947e-01
  -7.4935038779914942e-01
  -6.8013438779914948e-01
  -6.8687938779914948e-01
  -6.7024138779914944e-01
  -6.4382438779914941e-01
  -6.2249938779914937e-01
  -6.6717738779914937e-01
  -5.9724838779914946e-01
  -6.2676138779914936e-01
  -5.5200338779914948e-01
  -5.6585738779914940e-01
  -8.1335038779914948e-01
  -8.5035938779914932e-01
  -8.8197138779914930e-01
  -8.0355638779914940e-01
  -8.8580538779914941e-01
  -9.2739938779914932e-01
  -9.2730738779914934e-01
  -8.0415038779914938e-01
  -8.4075738779914944e-01
  -8.9096738779914930e-01
  -9.0532038779914936e-01
  -7.7507638779914934e-01
  -8.4126938779914950e-01
  -8.0633538779914948e-01
  -8.0456738779914949e-01
  -8.3321038779914947e-01
  -7.7540538779914936e-01
  -7.6091838779914944e-01
  -7.7705938779914940e-01
  -8.4142738779914938e-01
  -7.2603638779914936e-01
  -7.2912138779914937e-01
  -6.7577938779914937e-01
  -6.7243738779914941e-01
  -7.5563638779914943e-01
  -7.6295638779914943e-01
  -7.2519838779914947e-01
  -7.3873138779914949e-01
  -7.3389338779914937e-01
  -6.4626138779914943e-01
  -6.8821138779914937e-01
  -5.8913838779914940e-01
  -6.1712538779914938e-01
  -5.8054538779914933e-01
   1.4106461220085059e-01
   2.3493612200850611e-02
   1.6090861220085056e-01
  -6.5274738779914943e-01
   6.0272612200850617e-02
   6.0021612200850616e-02
   6.0033612200850572e-02
   7.0416122008505888e-03
   6.6054612200850571e-02
  -7.2271638779914937e-01
  -7.8429638779914934e-01
  -7.4712138779914938e-01
  -7.2501338779914937e-01
  -7.4618138779914944e-01
  -6.9839838779914942e-01
  -7.3007938779914938e-01
  -7.3561838779914934e-01
  -6.8665438779914933e-01
  -7.4182238779914944e-01
  -6.8134738779914938e-01
   3.2109612200850568e-02
  -6.4894238779914937e-01
  -6.0569138779914944e-01
  -5.8298938779914944e-01
  -5.8271038779914941e-01
  -5.9111238779914943e-01
   3.6034612200850580e-02
  -5.7273938779914935e-01
  -6.1088238779914938e-01
  -6.1027038779914933e-01
  -6.0313338779914938e-01
  -5.9393038779914942e-01
  -5.9113838779914940e-01
  -5.4475438779914942e-01
  -5.3251938779914942e-01
  -5.6021538779914937e-01
  -5.3839238779914944e-01
  -5.3957038779914934e-01
  -5.2952138779914937e-01
  -5.1406938779914935e-01
  -8.7196838779914931e-01
  -8.7129338779914933e-01
  -9.1818038779914946e-01
  -8.7038338779914937e-01
  -9.1420738779914945e-01
  -9.1195438779914939e-01
  -8.8423038779914931e-01
  -9.1596238779914940e-01
  -8.8305238779914941e-01
  -9.0523038779914944e-01
  -8.6542738779914941e-01
  -8.9867438779914943e-01
  -8.6050538779914931e-01
  -8.5921238779914932e-01
  -8.9094238779914936e-01
  -9.1116938779914936e-01
  -8.4503238779914946e-01
  -8.8456538779914951e-01
  -8.5939438779914945e-01
  -9.1029638779914945e-01
  -9.3265438779914933e-01
  -9.3158438779914943e-01
  -9.2492838779914943e-01
  -9.0533038779914943e-01
  -8.6198338779914940e-01
  -8.5905938779914948e-01
  -8.8931338779914948e-01
  -7.7774538779914937e-01
  -9.2439938779914943e-01
  -8.4480038779914945e-01
  -8.6757438779914930e-01
  -8.6665738779914947e-01
  -8.1036538779914946e-01
  -8.9751838779914950e-01
  -8.7626038779914950e-01
  -4.7801138779914942e-01
  -2.2824238779914940e-01
  -7.1237738779914939e-01
  -8.3240638779914944e-01
  -6.9253387799149413e-02
  -9.1155938779914947e-01
  -1.4599738779914939e-01
  -9.1127138779914940e-01
  -5.6069638779914943e-01
  -1.3792138779914942e-01
  -4.1588938779914941e-01
  -2.2317238779914941e-01
  -7.8164938779914950e-01
  -7.6601138779914946e-01
  -7.7689038779914932e-01
  -3.7156138779914938e-01
  -4.3015838779914939e-01
  -2.9149638779914944e-01
  -3.9443638779914941e-01
  -3.7906038779914941e-01
  -4.0400638779914944e-01
  -4.0826938779914940e-01
  -1.7392838779914940e-01
  -2.2512338779914942e-01
  -4.1774438779914941e-01
  -2.5786738779914942e-01
  -1.8194838779914940e-01
  -8.9521938779914945e-01
  -2.7224238779914939e-01
  -2.8309538779914939e-01
  -4.2225338779914945e-01
  -1.6722638779914939e-01
  -4.2823338779914943e-01
  -9.4080738779914941e-01
  -4.7282338779914940e-01
  -6.3578838779914948e-01
  -2.6630838779914939e-01
  -2.0716938779914940e-01
  -1.3015738779914940e-01
  -3.1637238779914939e-01
  -2.2631238779914942e-01
  -2.7533438779914943e-01
   2.3096122008505748e-03
  -8.4480738779914932e-01
  -8.7430838779914932e-01
  -9.4349038779914940e-01
  -1.0777707827047276e+00
  -8.1714038779914944e-01
  -9.4337538779914931e-01
  -8.6676538779914947e-01
  -8.2620638779914946e-01
  -9.3619738779914941e-01
  -2.1046000480336939e+00
  -5.6169138779914940e-01
  -2.1114220337870329e+00
  -2.1125916688909756e+00
  -9.0228938779914936e-01
  -4.7809138779914939e-01
  -4.7128238779914944e-01
  -3.2493538779914943e-01
  -4.7346138779914937e-01
  -9.5073638779914948e-01
  -9.4091838779914938e-01
  -9.9810038779914945e-01
  -2.5976538779914943e-01
  -4.8116638779914944e-01
  -2.3179738779914941e-01
  -4.4309738779914942e-01
  -7.4526838779914939e-01
  -1.8815038779914939e-01
  -1.8387838779914939e-01
  -1.6401138779914942e-01
   9.7204261220085075e-01
   9.3420961220085075e-01
   9.2437561220085063e-01
   9.9123561220085055e-01
   9.6388752670858979e-01
   9.4223661220085075e-01
   6.8582870267062868e-01
   1.0067846122008506e+00
   1.0251726122008507e+00
   9.5119061220085066e-01
   1.2977976122008505e+00
   9.7970661220085065e-01
   1.3075166122008506e+00
   1.2561896122008507e+00
   1.3122496122008507e+00
   1.3224506122008506e+00
   9.6383261220085070e-01
   1.0767916122008507e+00
   1.0384596122008507e+00
   9.5773661220085060e-01
   1.1057496122008506e+00
   1.6907926122008508e+00
   8.0017861220085074e-01
  -8.8121738779914938e-01
  -1.0041783877991495e+00
  -6.3395338779914945e-01
  -4.0002538779914942e-01
  -4.2995938779914944e-01
  -1.5360138779914939e-01
  -2.8110038779914942e-01
  -7.4859838779914933e-01
  -8.0582938779914937e-01
  -9.0495138779914930e-01
  -6.4385387799149402e-02
  -2.3751838779914941e-01
  -2.3998238779914940e-01
  -2.3037238779914943e-01
  -3.8732038779914940e-01
  -3.2015438779914940e-01
  -6.6538638779914938e-01
   9.1542061220085058e-01
  -6.0891438779914941e-01
  -6.1206738779914938e-01
  -7.2017838779914944e-01
  -7.3331138779914939e-01
  -7.7909438779914941e-01
  -7.2055838779914938e-01
  -7.7030538779914948e-01
  -6.3241338779914935e-01
  -3.6823838779914941e-01
  -4.2067238779914939e-01
  -2.2799438779914941e-01
  -3.6303938779914940e-01
  -2.3512038779914940e-01
  -1.7925938779914941e-01
  -2.3763438779914942e-01
  -2.5921938779914938e-01
  -1.4788538779914939e-01
  -1.7316438779914939e-01
  -3.6116638779914939e-01
  -4.2836938779914940e-01
  -2.2331338779914942e-01
  -4.2123238779914940e-01
  -3.3977038779914942e-01
  -4.9299238779914945e-01
  -1.5850338779914941e-01
  -3.9445838779914943e-01
  -3.7478038779914941e-01
  -3.6741638779914942e-01
  -3.5009538779914939e-01
  -2.3131738779914940e-01
  -2.2816638779914941e-01
  -7.2560038779914948e-01
  -1.5194338779914940e-01
  -1.6637738779914940e-01
  -2.6656238779914943e-01
  -1.7100538779914942e-01
  -1.8361438779914940e-01
  -1.8420038779914941e-01
  -4.1401038779914945e-01
  -3.0814238779914943e-01
  -3.0595138779914943e-01
  -2.6840938779914941e-01
  -2.8032038779914942e-01
  -3.5495538779914942e-01
  -2.7524238779914939e-01
  -2.9839238779914939e-01
  -1.6480138779914941e-01
  -3.7963638779914943e-01
  -1.6524538779914941e-01
  -2.6106038779914942e-01
   1.6304566122008506e+00
   6.2668661220085053e-01
   6.4090361220085068e-01
   1.8949696122008508e+00
   6.5305061220085059e-01
   1.8678646122008506e+00
   1.9141366122008507e+00
   1.8725026122008506e+00
   1.9077396122008505e+00
   1.8670816122008504e+00
   8.6799961220085065e-01
   1.1001516122008506e+00
   1.6515056122008507e+00
   1.8859976122008508e+00
   1.6318836122008507e+00
   6.4472061220085064e-01
   1.0998076122008507e+00
   9.4622261220085058e-01
   7.5799361220085060e-01
   6.3004161220085053e-01
  -6.9032738779914937e-01
  -4.2333238779914939e-01
  -6.3631438779914939e-01
  -5.9964838779914942e-01
   7.6346261220085054e-01
   6.8937361220085069e-01
   7.7645061220085054e-01
   8.1459661220085056e-01
  -6.0147938779914933e-01
  -1.6918538779914941e-01
  -5.1669138779914947e-01
  -6.0322138779914947e-01
  -6.7778838779914941e-01
  -6.6170738779914939e-01
  -2.0661738779914940e-01
  -5.9285938779914948e-01
  -5.6518138779914939e-01
  -6.0875738779914945e-01
  -6.0427338779914941e-01
  -6.0476438779914943e-01
  -5.6691538779914941e-01
  -5.9800938779914947e-01
  -2.3984638779914941e-01
  -2.3591338779914942e-01
   7.7702561220085076e-01
   7.5286061220085054e-01
  -3.7315438779914939e-01
   5.7592561220085070e-01
   1.0100846122008507e+00
   9.8460761220085069e-01
   1.7281246122008507e+00
   1.8329976122008504e+00
   6.4574161220085058e-01
   6.4634761220085069e-01
   6.2846261220085053e-01
   6.4310061220085069e-01
   1.8816076122008505e+00
   9.8751361220085054e-01
   1.9043776122008504e+00
   1.9113176122008506e+00
   9.5240161220085073e-01
   9.5437761220085071e-01
   1.9120366122008507e+00
   1.7297756122008507e+00
   6.7167161220085059e-01
   1.7086276122008506e+00
   1.6300476122008507e+00
   1.5816806122008507e+00
   1.6959286122008506e+00
   8.6643861220085072e-01
   9.0285061220085061e-01
   8.9176361220085054e-01
  -2.7709438779914941e-01
   8.2013661220085066e-01
   8.9009661220085068e-01
   7.5903261220085061e-01
   8.9924461220085061e-01
   8.6937161220085057e-01
   8.1072361220085054e-01
   6.9463261220085060e-01
   1.4131806122008506e+00
  -9.2388038779914949e-01
  -9.7210738779914951e-01
  -7.1723838779914939e-01
  -7.6911438779914931e-01
  -6.2748938779914942e-01
  -6.4263038779914938e-01
  -1.3325538779914942e-01
  -4.2199238779914938e-01
   7.8672561220085058e-01
   7.7000161220085062e-01
   7.7713261220085061e-01
   8.0775961220085057e-01
   7.1333861220085049e-01
   8.7047861220085054e-01
  -2.4256038779914940e-01
  -2.3004938779914941e-01
  -5.8936538779914938e-01
  -6.2157838779914942e-01
  -6.2584038779914941e-01
  -1.0377138779914941e-01
  -1.0492438779914942e-01
   1.9009036122008507e+00
   1.8881206122008505e+00
   1.8772886122008507e+00
   9.5534461220085065e-01
   1.0034676122008506e+00
   1.9241986122008508e+00
   1.8766646122008506e+00
   9.4042761220085058e-01
   1.7039786122008507e+00
   1.8259226122008505e+00
   9.3411561220085071e-01
   1.7788996122008507e+00
   9.3049261220085056e-01
   9.4670561220085059e-01
   1.9250676122008505e+00
   1.4079226122008506e+00
  -6.1207338779914933e-01
  -7.1911438779914949e-01
  -5.0266038779914934e-01
  -7.1420038779914941e-01
  -6.6919038779914941e-01
  -6.3374138779914935e-01
  -5.9595338779914941e-01
  -2.4472138779914940e-01
  -7.2714038779914936e-01
  -2.4050938779914940e-01
  -2.4557238779914942e-01
  -5.3358138779914943e-01
   8.8455361220085060e-01
   9.0137461220085058e-01
   8.9067761220085062e-01
   9.8977861220085073e-01
   1.6040786122008506e+00
   1.8592756122008505e+00
   1.5563516122008507e+00
   9.4744661220085069e-01
   1.1127176122008506e+00
   1.7434736122008505e+00
   8.0637061220085071e-01
   1.5963446122008507e+00
   1.5052136122008506e+00
   1.5042836122008507e+00
   1.1106216122008505e+00
   1.4966966122008507e+00
   1.0807166122008507e+00
   1.5023476122008506e+00
   1.9048406122008508e+00
   1.7911596122008506e+00
   1.5034056122008506e+00
   1.0960296122008506e+00
   1.9180376122008507e+00
   1.9229136122008506e+00
   1.5059336122008506e+00
   1.6158306122008506e+00
   1.1388776122008506e+00
   1.5234846122008507e+00
   8.6352261220085058e-01
   8.1399461220085056e-01
   9.0167661220085060e-01
  -4.7843238779914943e-01
  -2.1054138779914941e-01
  -7.6763538779914930e-01
  -6.6857638779914941e-01
  -7.4104038779914938e-01
  -8.8995387799149395e-02
  -5.5949038779914939e-01
   1.0385561220085060e-01
  -7.6368538779914941e-01
  -7.2825338779914939e-01
  -7.2880638779914941e-01
  -2.2995038779914939e-01
  -5.6280438779914943e-01
  -2.3991038779914942e-01
  -4.4543438779914940e-01
  -2.3035038779914940e-01
   1.5102846122008506e+00
   1.4408846122008507e+00
   1.4953376122008506e+00
   1.5873856122008507e+00
   1.8906306122008505e+00
   1.9398746122008508e+00
   1.9143506122008505e+00
   1.9487756122008506e+00
   9.4613361220085057e-01
   9.0522361220085057e-01
  -5.8035038779914938e-01
   5.9976161220085067e-01
   9.1590861220085062e-01
   9.3315461220085072e-01
   1.9764236122008507e+00
   1.9222046122008505e+00
   1.9720016122008508e+00
   9.6116061220085069e-01
   1.0519106122008506e+00
   9.4593861220085063e-01
   9.3050261220085062e-01
   7.7113261220085061e-01
   1.8610616122008505e+00
   1.1365646122008506e+00
   1.3813616122008507e+00
   1.5832276122008506e+00
   1.3810096122008506e+00
   1.3822936122008507e+00
   1.5352466122008506e+00
   1.6251646122008507e+00
   1.8848786122008507e+00
   1.0042046122008506e+00
   1.0574876122008507e+00
   1.0606036122008506e+00
   1.7932496122008506e+00
   1.8259676122008506e+00
   8.9916061220085064e-01
   9.0747761220085055e-01
   1.8099806122008506e+00
   9.3795461220085063e-01
   1.7369106122008506e+00
   1.9009306122008505e+00
   1.8324276122008507e+00
   1.9043796122008507e+00
   1.8523856122008506e+00
   1.8621826122008505e+00
   1.0517986122008507e+00
   1.8598526122008507e+00
   8.8212361220085067e-01
   1.0751526122008506e+00
   6.6698261220085064e-01
   1.9367706122008508e+00
   1.8894446122008508e+00
   1.8327766122008506e+00
   1.0819106122008506e+00
   1.0257256122008507e+00
   9.6610061220085064e-01
   8.3006861220085071e-01
   8.7831061220085060e-01
   1.8778056122008506e+00
   1.0203226122008506e+00
   1.5009946122008506e+00
   1.5232026122008506e+00
   1.0317386122008507e+00
   9.6538461220085070e-01
   8.6559561220085057e-01
   1.0880726122008506e+00
   1.7999336122008505e+00
   1.0080536122008505e+00
   1.8121676122008508e+00
   1.1037976122008506e+00
   9.3354861220085072e-01
   1.8540026122008506e+00
   8.4515861220085076e-01
   9.7696761220085060e-01
   9.7264061220085063e-01
   9.1352061220085057e-01
   9.1571961220085063e-01
   9.5709461220085057e-01
   1.7175026122008505e+00
   1.7317576122008507e+00
   1.0136846122008507e+00
   1.7797466122008505e+00
   1.7714486122008506e+00
   6.2669161220085057e-01
   1.7866286122008506e+00
   9.2542261220085065e-01
   6.3720461220085056e-01
   9.4331961220085070e-01
   1.0217486122008506e+00
   9.3362461220085069e-01
   9.9094361220085059e-01
   9.5038661220085063e-01
   1.0574506122008507e+00
   1.0519736122008507e+00
   1.8232806122008507e+00
   9.5968361220085074e-01
   8.9319061220085061e-01
   1.9723556122008505e+00
   1.9122116122008508e+00
   1.8665676122008505e+00
   8.9679661220085061e-01
   9.0511861220085055e-01
   1.8754316122008505e+00
   1.9190146122008505e+00
   1.0425956122008506e+00
   9.8748561220085063e-01
   1.8692886122008507e+00
   1.0127006122008506e+00
   1.0165246122008507e+00
   8.5513561220085066e-01
   7.1306061220085049e-01
   7.5468161220085062e-01
   6.8175361220085051e-01
   1.0510716122008505e+00
  -4.3807738779914940e-01
  -3.9973038779914938e-01
  -3.9212938779914941e-01
  -1.7963638779914942e-01
  -3.7917638779914942e-01
  -2.6531338779914942e-01
  -2.6788838779914942e-01
  -5.5850438779914935e-01
  -1.3867238779914942e-01
  -4.4428438779914942e-01
  -2.2751338779914942e-01
  -2.6800538779914940e-01
  -3.2375538779914942e-01
  -5.0829338779914934e-01
  -7.3333038779914939e-01
  -6.8059138779914941e-01
  -6.1942438779914943e-01
  -9.7233338779914935e-01
  -8.7718538779914934e-01
  -9.4099038779914945e-01
  -7.2147338779914949e-01
  -8.7665538779914942e-01
  -9.5859438779914941e-01
  -3.8146738779914940e-01
  -3.9071938779914939e-01
  -9.2017138779914931e-01
  -9.7912838779914946e-01
  -1.0477773877991494e+00
  -8.7931838779914950e-01
  -6.3587338779914937e-01
  -6.2109038779914938e-01
  -1.0039703877991495e+00
  -1.0091773877991495e+00
  -1.0053133877991494e+00
  -6.5269638779914940e-01
  -6.5856038779914938e-01
  -1.0435173877991495e+00
  -9.5761638779914948e-01
  -1.0273883877991494e+00
  -9.3495538779914944e-01
  -9.1658338779914938e-01
  -7.4675838779914938e-01
  -7.2971638779914949e-01
  -8.9696638779914939e-01
  -8.0805838779914940e-01
  -3.9760038779914941e-01
  -4.5923738779914941e-01
  -9.0206038779914932e-01
  -4.5119838779914945e-01
  -9.3786938779914930e-01
  -5.9396038779914939e-01
  -9.3691638779914932e-01
  -9.0830338779914932e-01
  -5.9928138779914941e-01
  -5.7381938779914943e-01
  -5.0485638779914943e-01
  -8.7227538779914937e-01
  -1.1653638779914940e-01
  -4.3407838779914942e-01
  -5.9831438779914947e-01
  -2.1651338779914941e-01
  -4.8241138779914938e-01
   2.9607361220085054e-01
  -5.2672038779914943e-01
  -4.8840938779914944e-01
  -4.4788838779914941e-01
  -3.8809938779914943e-01
  -1.0239783877991495e+00
  -1.0300053877991495e+00
  -9.5845738779914935e-01
  -1.1663053877991494e+00
  -1.1329873877991494e+00
  -9.8648838779914949e-01
  -9.8332538779914946e-01
  -2.3801938779914941e-01
  -5.0713338779914940e-01
  -6.3089238779914947e-01
  -8.3815938779914934e-01
  -9.6860438779914948e-01
  -9.8973038779914946e-01
  -1.0752933877991495e+00
  -1.0696653877991493e+00
  -6.4349238779914941e-01
  -8.8753438779914950e-01
  -8.8593138779914948e-01
  -9.0606038779914932e-01
  -9.6367838779914949e-01
  -7.4137838779914933e-01
  -9.0654238779914942e-01
  -9.0316938779914935e-01
  -8.7238138779914931e-01
  -8.3464838779914952e-01
  -8.1659238779914944e-01
  -1.1025383877991495e+00
  -6.3609538779914943e-01
  -6.3952538779914936e-01
  -7.2445138779914942e-01
  -1.1253533877991495e+00
  -5.9655438779914949e-01
  -9.8875387799149395e-02
   8.9527161220085061e-01
   7.4967661220085069e-01
   3.8430343707532011e-01
  -1.0277573877991495e+00
  -1.0314923877991493e+00
  -9.5785938779914948e-01
  -2.3331638779914940e-01
  -9.8889338779914948e-01
  -8.8742238779914939e-01
  -1.1355613877991495e+00
  -6.3389038779914941e-01
  -8.8105438779914946e-01
  -1.0278633877991494e+00
  -9.3040338779914933e-01
  -5.5903638779914933e-01
  -2.1868738779914942e-01
  -9.6581538779914933e-01
  -8.8180838779914938e-01
  -6.2541938779914941e-01
  -1.0251033877991493e+00
  -9.4121387799149414e-02
   7.1551361220085052e-01
  -9.1481238779914942e-01
  -6.9204638779914940e-01
  -1.1422363877991495e+00
  -8.9371638779914941e-01
  -8.9239438779914937e-01
  -9.8252838779914931e-01
  -1.0431853877991495e+00
  -1.1612623877991495e+00
  -1.0212973877991494e+00
  -6.4857338779914941e-01
  -1.0768373877991495e+00
  -1.1447313877991494e+00
  -9.8193338779914940e-01
  -7.8223338779914942e-01
  -7.9420038779914948e-01
  -1.0519273877991495e+00
  -8.2549638779914947e-01
  -6.5038838779914943e-01
  -8.7056038779914946e-01
  -1.0483413877991494e+00
  -9.5078138779914934e-01
  -9.8299438779914938e-01
  -1.0536983877991495e+00
  -8.7245738779914950e-01
  -8.2580038779914933e-01
  -8.2670038779914945e-01
  -7.8030938779914938e-01
  -3.7855638779914941e-01
  -8.2798538779914943e-01
  -9.9041738779914934e-01
  -7.3923438779914941e-01
  -4.0587838779914942e-01
  -9.1362738779914943e-01
  -4.2049038779914938e-01
  -9.6628438779914938e-01
  -9.9779838779914942e-01
  -1.0318133877991493e+00
  -7.4337638779914939e-01
  -8.7581438779914933e-01
  -7.2872038779914938e-01
  -6.6329438779914940e-01
  -6.3743538779914943e-01
  -6.5592138779914944e-01
  -7.3611838779914940e-01
  -1.0310883877991495e+00
  -1.0111883877991494e+00
   9.8844261220085072e-01
  -6.6483538779914941e-01
  -8.3729538779914936e-01
  -1.0336583877991494e+00
   8.6896661220085059e-01
  -8.5529038779914934e-01
  -9.1235438779914935e-01
   9.0671461220085070e-01
   8.4081761220085061e-01
   4.9753661220085060e-01
   8.0001961220085072e-01
   7.6982361220085060e-01
   8.5863961220085061e-01
   5.1375361220085058e-01
   8.3363661220085072e-01
   7.8371761220085068e-01
   7.5498561220085070e-01
   8.7767361220085061e-01
   6.7531261220085059e-01
   4.0482861220085059e-01
   8.6332761220085064e-01
   7.1243561220085061e-01
   8.9666661220085064e-01
   1.3778056122008506e+00
   7.5159761220085075e-01
   7.3482461220085060e-01
   1.3517736122008506e+00
   7.5963761220085058e-01
   7.5568361220085056e-01
   8.8397861220085061e-01
   9.1255861220085066e-01
   6.9523261220085053e-01
   8.7084261220085057e-01
   7.6491461220085055e-01
   8.1765861220085068e-01
   8.5230861220085075e-01
   9.7034461220085055e-01
   9.8632661220085072e-01
   9.2939361220085059e-01
   1.8760016122008507e+00
   1.6069026122008507e+00
   9.1413161220085071e-01
   9.9286661220085071e-01
  -7.2671638779914938e-01
  -6.5830638779914941e-01
   9.6952561220085065e-01
   7.7124361220085058e-01
   9.9633761220085071e-01
   1.0049626122008506e+00
   9.3977561220085071e-01
   9.8282161220085063e-01
   7.4846761220085067e-01
   1.5161326122008507e+00
   7.3945361220085060e-01
   9.2594061220085067e-01
   9.8079861220085074e-01
   9.7830561220085066e-01
   9.8436761220085067e-01
   1.0144086122008507e+00
   9.8464261220085070e-01
   1.5214146122008507e+00
   1.3471716122008506e+00
   9.0390161220085075e-01
   5.4649061220085060e-01
   9.0133761220085074e-01
   9.2491161220085072e-01
   9.9233361220085059e-01
   9.8515661220085060e-01
   8.7052361220085062e-01
   9.3553261220085071e-01
   1.0094756122008506e+00
   7.0676461220085063e-01
   1.3378146122008507e+00
