-0.52986 -0.13391 0.83471
-0.51307 -0.23906 0.8202
-0.47996 -0.23324 0.84491
-0.38847 -0.18382 0.89852
-0.47653 -0.26494 0.83612
-0.42967 -0.20354 0.87883
-0.40658 -0.26715 0.87276
-0.4777 -0.11491 0.8653
-0.32736 -0.19609 0.92055
-0.53276 -0.015292 0.83606
-0.5435 -0.13152 0.82796
-0.48651 -0.15249 0.85833
-0.54468 -0.24401 0.79931
-0.581 -0.10464 0.8031
-0.58819 -0.10176 0.79724
-0.5226 0.012089 0.85167
-0.54555 -0.10982 0.82718
-0.55407 -0.068926 0.82484
-0.56494 -0.18257 0.80198
-0.52796 -0.038078 0.84773
-0.55221 -0.11253 0.82258
-0.546 -0.13618 0.82262
-0.53972 0.025965 0.84003
-0.48925 -0.065201 0.86584
-0.41626 -0.23049 0.8736
-0.5354 -0.18809 0.81739
-0.54104 0.026226 0.8344
-0.47777 0.025262 0.87781
-0.56064 -0.10943 0.81805
-0.52596 -0.25453 0.81033
-0.52116 -0.27805 0.80568
-0.39533 -0.16847 0.90029
-0.51702 -0.29824 0.80083
-0.21428 -0.096957 0.96816
-0.45115 -0.196 0.86962
-0.44119 -0.19173 0.87596
-0.52652 -0.010143 0.84621
-0.39798 -0.25205 0.87994
-0.34572 -0.24878 0.90245
-0.49588 -0.15978 0.85314
-0.53978 -0.067889 0.83698
-0.47693 -0.2736 0.83479
-0.48669 -0.2261 0.84338
-0.51295 -0.12471 0.84738
-0.4689 -0.22791 0.85303
-0.31515 -0.29479 0.90185
-0.34505 -0.22471 0.90851
-0.32437 -0.17157 0.92407
-0.40896 -0.034029 0.90381
-0.58186 0.0095667 0.81052
-0.54196 -0.11179 0.82941
-0.56817 -0.035576 0.81806
-0.56687 0.026354 0.82193
-0.60128 0.04196 0.79642
-0.57654 -0.11861 0.80628
-0.55856 -0.032798 0.82478
-0.58115 0.025784 0.81137
-0.53221 -0.21935 0.80538
-0.56585 -0.10127 0.81563
-0.57872 -0.19157 0.79057
-0.57832 -0.1057 0.80684
-0.56481 -0.073373 0.81886
-0.54626 -0.25228 0.79522
-0.49648 -0.23128 0.83582
-0.53777 -0.054731 0.83744
-0.4757 -0.21494 0.85214
-0.36265 -0.17207 0.90571
-0.5257 -0.09129 0.84327
-0.37605 -0.25583 0.88511
-0.41917 -0.23055 0.8695
-0.40395 -0.32619 0.85418
-0.4051 -0.30858 0.86012
-0.49036 -0.19444 0.84568
-0.51872 0.024937 0.84863
-0.32223 -0.14885 0.92575
-0.46178 -0.24848 0.84927
-0.45934 -0.039934 0.88646
-0.47087 -0.0085365 0.88107
-0.45216 0.010227 0.88842
-0.33421 0.029429 0.93453
-0.45179 -0.12867 0.8808
-0.47689 -0.019479 0.87743
-0.47271 0.0026567 0.87612
-0.46169 0.0042588 0.88264
-0.44088 0.049983 0.89235
-0.45081 0.045496 0.8877
-0.41927 0.0022726 0.90386
-0.53107 -0.11021 0.83738
-0.55874 -0.27785 0.78075
-0.55423 -0.029127 0.83052
-0.52618 -0.13493 0.83907
-0.5325 -0.071275 0.84134
-0.43833 -0.25496 0.85948
-0.57381 0.012624 0.81612
-0.44877 -0.29737 0.84177
-0.50363 -0.31812 0.80278
-0.60534 0.13671 0.78027
-0.66453 0.018378 0.74519
-0.60332 0.15947 0.77758
-0.61838 0.20311 0.75707
-0.64832 0.050872 0.75635
-0.63289 0.065645 0.76788
-0.65124 0.066392 0.75418
-0.66054 0.10944 0.74081
-0.63037 0.045637 0.76996
-0.69928 0.059663 0.70813
-0.67929 0.14988 0.71615
-0.44586 -0.29554 0.84304
-0.43314 -0.28933 0.85303
-0.41592 -0.048618 0.90565
-0.49627 0.029026 0.86353
-0.3616 -0.16882 0.91499
-0.52626 -0.093723 0.84315
-0.47956 -0.082002 0.86891
-0.50811 -0.10968 0.85156
-0.54539 -0.20155 0.81019
-0.60154 0.027607 0.79745
-0.46165 -0.28875 0.83783
-0.47654 -0.13265 0.86688
-0.50564 -0.092944 0.85772
-0.43005 -0.24733 0.86206
-0.43833 -0.26917 0.85548
-0.46823 -0.14976 0.86807
-0.49695 -0.23384 0.83557
-0.52526 -0.16969 0.83249
-0.49088 -0.24504 0.83423
-0.51402 -0.25604 0.81765
-0.50518 -0.24938 0.82491
-0.51138 -0.049817 0.85552
-0.56712 -0.31991 0.7588
-0.59634 -0.15863 0.78489
-0.47016 -0.19628 0.84922
-0.40227 -0.19307 0.89316
-0.44303 0.025131 0.89574
-0.37036 -0.17263 0.90925
-0.39208 -0.28214 0.87514
-0.37789 -0.032083 0.92379
-0.42675 -0.10297 0.89711
-0.35143 -0.30727 0.8837
-0.35898 -0.20088 0.90928
-0.42824 -0.24688 0.86414
-0.38948 -0.29543 0.8719
-0.34817 -0.29287 0.88991
-0.36687 -0.2578 0.89233
-0.40285 -0.28528 0.8672
-0.34378 -0.3148 0.88471
-0.44989 -0.14183 0.87449
-0.37434 -0.20939 0.90015
-0.40246 -0.18698 0.8874
-0.60179 -0.021783 0.79342
-0.59149 -0.22297 0.7747
-0.5593 -0.1484 0.80845
-0.58317 -0.21535 0.78311
-0.57579 -0.24416 0.78012
-0.58805 -0.21675 0.77907
-0.56721 -0.20238 0.79824
-0.59088 -0.2915 0.75178
-0.59828 -0.29264 0.7455
-0.52375 -0.30681 0.79444
-0.49105 -0.32908 0.80653
-0.57881 0.02604 0.81156
-0.54783 -0.060927 0.83205
-0.63945 -0.035602 0.76468
-0.61482 -0.070534 0.78218
-0.47091 -0.04708 0.88091
-0.51894 -0.065161 0.85061
-0.52905 -0.2644 0.80462
-0.29403 -0.31258 0.90281
-0.45306 -0.32047 0.83163
-0.45581 -0.33121 0.8256
-0.47465 -0.084222 0.87542
-0.49946 -0.089499 0.86161
-0.48664 -0.13439 0.86179
-0.50968 -0.1705 0.84149
-0.61962 -0.084697 0.77998
-0.49292 -0.23362 0.83663
-0.48599 -0.012166 0.85984
-0.32895 -0.17077 0.9257
-0.34435 -0.21268 0.91316
-0.32362 -0.26135 0.90729
-0.40148 -0.076669 0.90289
-0.49445 -0.12374 0.86034
-0.43546 -0.1818 0.87933
-0.34532 -0.33488 0.87636
-0.40948 -0.32634 0.85111
-0.44842 -0.25511 0.85236
-0.26685 -0.29459 0.9161
-0.54897 -0.31034 0.77601
-0.60822 -0.21223 0.76442
-0.53811 0.024597 0.83916
-0.61581 -0.035216 0.78462
-0.49993 -0.014408 0.86376
-0.42412 -0.082805 0.90148
-0.48416 -0.13305 0.86318
-0.47668 -0.15915 0.86379
-0.3755 -0.14626 0.90782
-0.47563 -0.29492 0.82866
-0.45022 -0.20915 0.86721
-0.42296 -0.038593 0.90031
-0.41967 -0.070169 0.90363
-0.33508 -0.2099 0.9176
-0.37405 0.0065072 0.92369
-0.45341 -0.11134 0.88231
-0.07976 -0.37954 0.92169
-0.58256 -0.018601 0.81073
-0.56071 -0.10589 0.81711
-0.54973 -0.2777 0.78692
-0.59676 -0.26221 0.75822
-0.59017 -0.1679 0.7895
-0.54438 -0.11072 0.83007
-0.53866 -0.098056 0.83179
-0.54918 -0.23583 0.80131
-0.5223 -0.25872 0.80936
-0.49372 -0.23195 0.8291
-0.49514 -0.28696 0.8171
-0.46166 -0.0099619 0.88293
-0.47654 -0.060189 0.87582
-0.21085 -0.21043 0.95169
-0.29423 -0.18474 0.93609
-0.27813 -0.20818 0.9347
-0.48921 -0.061091 0.86671
-0.37546 0.011836 0.92619
-0.42608 -0.039012 0.89965
-0.44623 -0.31658 0.83702
-0.34414 -0.014326 0.93421
-0.32714 -0.32234 0.88829
-0.34958 -0.24613 0.90314
-0.40234 -0.23088 0.88198
0.09007 -0.28004 0.95429
-0.076797 -0.33956 0.93645
-0.47886 -0.1364 0.86176
-0.53254 -0.2277 0.81416
-0.47903 -0.23594 0.84262
-0.50552 -0.012671 0.86017
-0.30604 -0.1054 0.93892
-0.38553 0.025298 0.91733
-0.41395 -0.036432 0.90908
-0.48594 0.011255 0.87212
-0.55017 -0.060076 0.83136
-0.44879 -0.091233 0.88805
-0.44768 -0.076147 0.88942
-0.44522 -0.31258 0.83905
-0.30838 -0.016986 0.95017
-0.3158 -0.30034 0.8991
-0.37534 -0.28079 0.88241
-0.35505 -0.16337 0.90919
0.073132 -0.25618 0.96237
-0.59625 -0.021244 0.80106
-0.5601 -0.28293 0.77851
-0.36867 -0.05035 0.9219
-0.29184 -0.10914 0.94264
-0.44149 -0.03837 0.89567
-0.39072 0.0090109 0.91755
-0.41127 -0.096535 0.90589
-0.35674 -0.20318 0.91179
-0.28566 -0.25803 0.91982
0.068333 -0.24635 0.965
-0.30023 -0.18602 0.93292
-0.3896 0.031337 0.91873
-0.56546 -0.12444 0.80951
-0.27659 -0.17043 0.94355
-0.37771 -0.15728 0.90943
-0.53091 -0.17302 0.82951
-0.24227 0.01464 0.96948
-0.47869 -0.13647 0.86515
-0.34259 -0.14428 0.9248
-0.2919 -0.20015 0.93026
-0.51951 -0.089904 0.8457
-0.52405 -0.21959 0.81827
-0.30397 -0.058146 0.94976
-0.30074 -0.10193 0.94711
-0.52099 -0.11312 0.84487
-0.21368 -0.11505 0.96383
-0.46911 -0.13936 0.86277
-0.49791 -0.15871 0.84874
-0.46734 -0.16822 0.86106
-0.36722 -0.17127 0.90705
-0.32645 -0.14819 0.92733
-0.38508 -0.17463 0.90148
-0.50034 -0.149 0.85194
-0.27446 -0.12156 0.95146
-0.50793 -0.15729 0.84491
-0.42529 -0.15461 0.88905
-0.38472 -0.02696 0.92185
-0.43544 -0.20753 0.87152
-0.63914 -0.12301 0.75646
-0.62298 0.014247 0.77741
-0.50971 -0.090712 0.85345
-0.44405 -0.25606 0.85674
-0.44563 -0.20863 0.86827
-0.39619 -0.30828 0.86406
-0.40721 -0.32324 0.85379
-0.45125 -0.16111 0.87511
-0.47235 -0.16465 0.86434
-0.47132 0.025504 0.88093
-0.44662 -0.10487 0.8867
-0.42213 -0.24687 0.87005
-0.41644 -0.32204 0.84974
-0.39618 -0.32146 0.86001
-0.37392 0.031398 0.92533
-0.38684 -0.3027 0.86983
-0.42796 -0.20854 0.87803
-0.45885 -0.28032 0.84182
-0.52522 -0.17185 0.83119
-0.4161 -0.18764 0.88692
-0.45409 -0.076926 0.88588
-0.41135 -0.31289 0.8553
-0.40205 -0.22463 0.88423
-0.46524 -0.14412 0.86723
-0.36035 -0.29894 0.8826
-0.42789 -0.22003 0.87425
-0.50012 -0.11949 0.85403
-0.3778 -0.077362 0.92228
-0.37985 -0.21444 0.89829
-0.43339 -0.24222 0.86358
-0.36063 -0.27637 0.88904
-0.41695 -0.025968 0.89987
-0.55343 -0.11685 0.79758
-0.64394 -0.099943 0.74988
-0.46127 0.0070987 0.88431
-0.47142 0.030044 0.878
-0.45502 0.030691 0.88846
-0.47048 0.034929 0.87838
-0.44979 0.023774 0.8912
-0.58375 -0.21459 0.78131
-0.57123 -0.28055 0.76948
-0.59335 0.027195 0.80299
-0.52606 -0.12859 0.83353
-0.596 -0.25001 0.75686
-0.57187 -0.01678 0.81803
-0.5184 -0.16089 0.83879
-0.6488 -0.18627 0.71026
-0.63974 -0.077766 0.73814
-0.44076 -0.29392 0.84781
-0.4458 -0.3004 0.84262
-0.44045 -0.014844 0.8973
-0.46797 0.011636 0.87909
-0.35593 -0.26735 0.89384
-0.36083 -0.13238 0.91675
-0.34774 -0.1562 0.92167
-0.52147 -0.29852 0.79867
-0.53439 -0.22375 0.81455
-0.5021 0.017237 0.86464
-0.53499 0.065511 0.83792
-0.60686 -0.027847 0.78936
-0.48947 0.018641 0.86863
-0.46673 0.030925 0.88211
-0.42017 -0.057549 0.90303
-0.43649 0.042521 0.89588
-0.44827 0.028722 0.89235
-0.50179 0.0080378 0.86111
-0.46182 0.042386 0.88418
-0.45731 0.024779 0.88791
-0.36987 -0.26663 0.88815
-0.33507 -0.20956 0.91616
-0.36663 -0.20297 0.90398
-0.47618 -0.022941 0.87569
-0.48969 0.077545 0.86439
-0.45687 0.055004 0.88492
-0.55145 -0.014505 0.82974
-0.51386 0.062154 0.85122
-0.51265 0.040188 0.85455
-0.57603 0.056086 0.80979
-0.52269 0.036474 0.8479
-0.53801 0.016894 0.84218
-0.51525 0.040615 0.85447
-0.50502 0.048643 0.85988
-0.52803 0.036543 0.84718
-0.53789 0.056443 0.83425
-0.54128 0.047151 0.83632
-0.55095 0.049214 0.82665
-0.4726 0.060472 0.87621
-0.46589 -0.024751 0.87987
-0.57175 -0.21183 0.78851
-0.35514 -0.13579 0.92342
-0.3758 -0.18973 0.90408
-0.52783 -0.054651 0.84707
-0.55071 0.026487 0.83093
-0.50437 -0.27094 0.81934
-0.51864 0.027769 0.85405
-0.40422 -0.22674 0.88319
-0.41534 -0.18571 0.89028
-0.45933 -0.27692 0.84039
-0.41578 -0.24701 0.87318
-0.47493 -0.21539 0.84749
-0.46363 -0.15597 0.8695
-0.32982 -0.27713 0.90127
-0.39124 -0.031865 0.91916
-0.61113 -0.16288 0.77117
-0.47645 -0.27555 0.83148
-0.46464 -0.22261 0.84639
-0.47995 -0.31722 0.81694
-0.50035 -0.2477 0.82889
-0.54773 -0.015044 0.83604
-0.45845 -0.26451 0.84754
-0.48708 -0.28006 0.82542
-0.55892 -0.10339 0.82257
-0.44346 -0.16082 0.8797
-0.47478 0.024979 0.87907
-0.43512 0.0012795 0.89992
-0.43649 -0.0080764 0.89241
-0.44649 -0.1429 0.87153
-0.44636 -0.073613 0.88524
-0.42951 -0.083293 0.8947
-0.48133 -0.23281 0.8369
-0.30107 -0.33356 0.89277
-0.31529 -0.29479 0.90107
-0.56892 -0.15951 0.80439
-0.5711 -0.2725 0.77256
-0.55174 -0.18584 0.81293
-0.52164 -0.16985 0.8306
-0.45883 -0.1451 0.87138
-0.55053 -0.1881 0.81322
-0.58204 0.012626 0.81148
-0.48833 -0.14873 0.85918
-0.52656 -0.055842 0.84821
-0.49449 -0.079466 0.86485
-0.15559 -0.34548 0.92526
-0.048599 -0.19847 0.97883
-0.10804 -0.30473 0.94618
-0.57237 0.11322 0.80906
-0.5942 0.13272 0.78704
-0.61323 0.13297 0.77518
-0.58208 0.16241 0.79094
-0.50369 0.028008 0.86338
-0.65636 0.067976 0.74846
-0.56751 0.13263 0.80905
-0.55868 0.042319 0.82099
-0.67915 0.10865 0.72548
-0.64565 0.096079 0.7528
-0.64253 0.21073 0.73248
-0.64534 0.019073 0.76043
-0.63362 0.018557 0.76784
-0.64953 0.018345 0.75688
-0.59385 0.11534 0.79204
-0.56382 0.017049 0.82179
-0.64209 0.14839 0.74572
-0.65752 0.10326 0.73943
-0.65713 0.10516 0.74048
-0.65497 0.11958 0.74288
-0.75558 -0.17077 0.62061
-0.41734 -0.19721 0.88272
-0.36125 -0.2961 0.88135
-0.38403 -0.27648 0.87796
-0.60972 0.17523 0.7726
-0.58246 0.16797 0.79024
-0.47688 0.10817 0.87143
-0.58088 0.18547 0.78915
-0.58146 0.14851 0.79567
-0.58321 0.15393 0.79207
-0.60335 0.1604 0.77687
-0.60974 0.19974 0.76495
-0.61323 0.064639 0.78278
-0.64868 0.0683 0.75765
-0.37585 -0.17039 0.90712
-0.71081 -0.20507 0.67182
-0.71053 -0.20666 0.67166
-0.72145 -0.30551 0.61727
-0.75707 -0.31603 0.56894
-0.70817 0.14608 0.68742
-0.65326 0.1498 0.73519
-0.66978 0.13438 0.72528
-0.65972 0.14561 0.72846
-0.87938 -0.18044 0.43679
-0.78172 -0.30084 0.5434
-0.87152 -0.099348 0.47713
-0.87482 -0.059518 0.4776
-0.63795 0.048313 0.76256
-0.66551 0.14367 0.72769
-0.67815 0.14833 0.7149
-0.72212 0.0072063 0.68771
-0.68534 -0.020644 0.72228
-0.67683 0.12736 0.71498
-0.68529 0.13233 0.70766
-0.68273 -0.049203 0.71684
-0.87635 0.085341 0.46681
-0.51096 0.041004 0.85108
-0.45552 0.0057249 0.8885
-0.5467 -0.010417 0.83331
-0.36609 -0.27528 0.88747
-0.36497 -0.21307 0.90463
-0.3424 -0.22893 0.9093
-0.35913 -0.16806 0.91505
-0.47409 0.045083 0.87894
-0.68721 0.055428 0.71967
-0.67456 -0.017341 0.72728
-0.5097 0.044662 0.85694
-0.64008 0.14266 0.74466
-0.54822 0.044495 0.83213
-0.65929 0.11394 0.73334
-0.577 0.05439 0.81062
-0.64912 0.13335 0.737
-0.75304 0.032576 0.62744
-0.68754 -0.17422 0.70334
-0.69571 -0.19047 0.68598
-0.71134 -0.19026 0.67609
-0.7214 -0.20966 0.65945
-0.70634 -0.19215 0.67672
-0.74844 -0.20624 0.62555
-0.71392 -0.28227 0.63958
-0.74264 -0.041801 0.66783
-0.74342 -0.28316 0.60484
-0.78016 -0.25546 0.56984
-0.79054 -0.29167 0.53286
-0.84572 -0.16448 0.49896
-0.84343 -0.16291 0.50619
-0.84348 -0.16274 0.50612
-0.86139 -0.17794 0.4724
-0.79541 -0.26722 0.53686
-0.80171 -0.14573 0.5787
-0.79376 -0.26149 0.54161
-0.82749 -0.19111 0.52539
-0.50209 0.053941 0.85894
0.70292 0.083073 0.60428
-0.63669 0.026224 0.76337
-0.31899 -0.13525 0.9348
-0.55622 0.14399 0.81384
-0.58876 0.19721 0.78036
-0.62818 0.15828 0.75986
-0.62442 0.067073 0.77498
-0.59084 0.13963 0.79048
-0.51715 -0.16551 0.8293
-0.42288 -0.17829 0.88458
-0.53823 0.19064 0.81685
-0.53842 0.16865 0.8198
-0.60031 -0.028844 0.79804
-0.60327 -0.0281 0.79592
-0.6538 -0.040555 0.73204
-0.67759 -0.042923 0.72792
-0.86239 0.036877 0.49182
-0.43457 -0.16807 0.87892
-0.21094 -0.31999 0.92346
-0.25479 -0.25083 0.92405
-0.55664 0.14131 0.8154
-0.49977 0.049337 0.85879
-0.68818 -0.13052 0.69528
-0.5997 -0.27026 0.7515
-0.88881 0.083701 0.44933
-0.87994 0.085763 0.4627
-0.10347 -0.33514 0.93646
-0.66503 0.05883 0.74246
-0.42664 -0.093062 0.89744
-0.61456 0.19535 0.76046
-0.64359 0.064396 0.75858
-0.56814 0.16643 0.80432
-0.69237 0.12973 0.69941
-0.71821 0.18022 0.6687
-0.29953 -0.27212 0.9094
-0.71129 0.061547 0.69784
-0.7343 0.011539 0.67616
-0.66455 0.050618 0.74537
-0.66039 0.048457 0.74924
-0.5378 0.073666 0.83531
-0.61536 0.15016 0.77107
-0.65225 0.15099 0.73689
-0.55553 0.19392 0.80424
-0.69459 0.18298 0.69096
-0.66653 -0.19903 0.71336
-0.70961 0.14502 0.68621
-0.73192 0.0082985 0.6785
-0.70513 0.13941 0.69193
-0.74811 0.0069627 0.66298
-0.72761 0.14617 0.66748
-0.71142 0.14005 0.68346
-0.70285 0.17129 0.68374
-0.68601 0.14151 0.70868
-0.70337 0.19023 0.68219
-0.75014 -0.070718 0.6547
-0.75932 -0.17703 0.62164
-0.74485 -0.067258 0.65893
-0.16486 -0.35241 0.92113
0.40586 -0.17465 0.89709
0.62448 0.21474 0.7094
0.81702 0.15812 0.50764
0.77942 0.1927 0.53099
0.78286 0.2002 0.56482
0.78296 0.01391 0.58299
0.80527 0.012563 0.49699
0.52158 0.013472 0.85308
0.81553 0.1311 0.52721
0.7719 -0.022652 0.60526
0.83869 0.054779 0.53148
-0.13114 -0.30034 0.94471
-0.15599 0.10837 0.98163
0.84118 -0.13638 0.45566
0.81431 -0.13545 0.49543
0.80771 -0.0094411 0.52477
0.82092 0.12711 0.48603
0.71233 -0.071364 0.66671
0.83208 -0.0082599 0.46911
0.79877 0.006634 0.53359
0.77133 0.056709 0.56675
0.77446 0.080432 0.58584
0.74742 0.0075201 0.5986
0.43812 0.0032503 0.78635
0.76953 0.02331 0.58926
0.35101 -0.30475 0.87986
0.85474 0.051913 0.44774
-0.64368 0.026006 0.75667
-0.44256 0.029987 0.89591
-0.42623 -0.16435 0.88543
-0.51565 0.1197 0.84262
-0.51393 0.03983 0.85151
-0.62659 -0.14944 0.75867
-0.5697 0.053447 0.81631
-0.65591 0.12083 0.7398
-0.54196 0.083131 0.83408
-0.54764 0.066477 0.83269
0.8489 0.066126 0.46012
0.7768 0.065183 0.59296
0.8546 0.039416 0.46717
0.98189 -0.0072588 0.085217
0.97406 -0.0070483 0.1401
0.81028 -0.10887 0.48187
0.85472 0.03256 0.48242
0.83428 0.095405 0.45916
0.63551 0.10513 0.73238
0.79332 0.024712 0.57766
0.82274 -0.037166 0.50324
0.82943 0.16595 0.4966
0.78682 0.012666 0.56357
0.81656 0.050054 0.51791
0.80382 0.13332 0.52961
0.80338 0.17417 0.5353
0.79757 0.12758 0.56124
0.73788 0.186 0.61128
0.78395 0.16005 0.54395
0.81916 0.10181 0.50548
0.81575 0.011951 0.53359
0.81938 0.007616 0.53129
0.80811 0.061908 0.54335
0.79561 0.021682 0.55158
0.78312 0.067491 0.56955
0.76205 0.058489 0.60784
-0.34271 -0.22038 0.91116
0.72146 -0.10455 0.66286
0.80562 0.080907 0.53384
0.83187 0.089782 0.50815
0.80052 0.064658 0.54807
0.84096 0.034023 0.51137
0.88318 0.13519 0.34565
0.85487 0.12597 0.45313
0.78345 0.035014 0.57119
0.79887 0.094674 0.5164
0.77839 0.055791 0.5653
0.80908 0.15996 0.52759
0.78998 0.10931 0.56599
0.80314 0.011687 0.5377
0.81959 0.13959 0.498
0.8281 0.16838 0.52474
0.81051 0.1635 0.4845
0.81126 0.11675 0.47301
0.83281 0.047317 0.48595
0.74086 -0.016009 0.65301
0.86608 -0.011391 0.40367
0.77985 0.17518 0.53682
0.85643 0.11348 0.41942
0.67847 0.012693 0.71252
0.8107 0.018169 0.51493
0.63347 0.055509 0.7471
0.67783 0.054424 0.71009
0.72309 0.043636 0.67109
0.7669 0.082157 0.61986
0.7259 0.13679 0.62028
0.79366 -0.028607 0.52599
0.3756 0.13535 0.91685
0.77864 0.21277 0.55095
0.82001 0.18392 0.51321
0.84315 0.010978 0.48203
0.82667 0.076685 0.525
0.82608 -0.0040516 0.50421
0.77098 -0.0019715 0.60564
0.78419 0.084842 0.57788
0.7777 0.011457 0.58032
0.77887 0.040743 0.59472
0.78511 0.081552 0.57441
0.75919 0.063869 0.61901
0.80921 0.010222 0.45949
0.88662 0.16301 0.38449
0.91043 -0.041061 0.37251
0.78747 0.080106 0.56747
0.40523 -0.17203 0.89788
0.40653 -0.16795 0.89807
0.40569 -0.16909 0.89823
0.84678 0.078459 0.46892
0.80151 0.066566 0.58242
0.78358 0.099455 0.58822
0.76156 0.10741 0.60705
0.79669 0.1647 0.51083
0.71672 0.14659 0.64578
0.83851 0.093043 0.45754
0.84518 0.047619 0.42303
0.96719 -0.17832 -0.17641
0.96877 -0.16574 -0.18065
0.95294 -0.2717 -0.034085
0.98827 0.059198 -0.13838
0.83492 0.079874 0.5095
0.96838 -0.19565 0.041073
0.81502 0.093049 0.51928
0.78774 0.035615 0.56315
0.79889 0.057625 0.53797
0.79472 0.12994 0.57076
0.799 0.047311 0.54371
0.75206 0.054422 0.60265
0.82744 0.078676 0.52436
0.82513 0.032074 0.48836
0.78759 0.18011 0.56192
0.8708 0.010142 0.40575
0.80605 0.032236 0.53731
0.69273 -0.1947 0.69442
0.8514 0.17661 0.47086
0.78197 0.21039 0.5532
0.84721 0.18487 0.49195
0.86299 0.15016 0.45634
0.87793 -0.022767 0.40822
0.85617 0.20158 0.47095
0.83842 0.14967 0.51863
0.83043 0.041548 0.51993
0.85118 0.052559 0.43543
0.79671 0.045709 0.58218
0.73434 -0.1708 0.65695
0.87094 0.22458 0.43315
0.83072 0.01311 0.50705
0.84248 0.062475 0.50753
0.84573 0.16729 0.47087
0.79679 0.17703 0.55482
0.78462 0.11218 0.54979
0.86035 -0.016697 0.4584
0.85154 0.14048 0.44217
0.82555 0.11317 0.49398
0.87165 0.06927 0.43356
0.78225 0.10533 0.59438
0.67058 0.12097 0.73013
0.70436 0.091174 0.69819
0.86872 -0.3003 0.39351
0.89942 0.099566 0.32879
0.82286 0.053241 0.55667
0.9875 -0.10094 0.11825
0.92097 -0.062913 0.38383
0.80505 -0.0013699 0.55406
0.51976 -0.18708 0.82985
0.98699 -0.0070221 -0.023077
0.86252 0.045901 0.46892
0.8576 -0.29715 0.41874
0.4695 -0.29475 0.82398
0.89304 -0.05185 0.39784
0.73012 0.030262 0.64074
0.81888 0.053453 0.5254
0.80622 0.090315 0.54384
0.83414 0.030529 0.55059
0.81074 0.043924 0.55713
0.87384 0.051671 0.43924
0.84381 -0.33338 0.41703
0.82606 -0.32875 0.45463
0.85363 -0.31498 0.41424
0.99413 -0.015912 0.055247
0.8903 0.051565 0.34272
0.9607 0.032953 0.14179
0.51713 -0.20202 0.82925
0.86362 -0.3417 0.37041
0.94158 -0.29355 -0.16126
0.94049 -0.30783 -0.13749
0.93855 -0.3337 -0.084392
0.90667 -0.28561 0.31001
0.89885 -0.30275 0.31662
0.87425 -0.34125 0.34328
0.86525 -0.35195 0.35543
0.87568 -0.33459 0.34623
0.95475 -0.29522 -0.0018851
0.86171 -0.30312 0.40676
0.54352 -0.17882 0.81993
0.87731 -0.34327 0.33299
0.89343 -0.21349 0.39072
0.98557 -0.10278 -0.13381
0.99797 -0.062575 0.0068643
0.86223 -0.2618 0.43188
0.87381 -0.326 0.35949
0.78279 0.11027 0.60877
0.95084 -0.29674 -0.085145
0.92418 -0.33855 -0.17315
0.85045 -0.36914 0.37428
0.83029 -0.30705 0.46013
0.8261 0.12073 0.54693
-0.23946 -0.28862 0.92585
-0.34644 -0.19936 0.91336
-0.33355 -0.024499 0.9383
-0.33463 -0.1121 0.9338
-0.30617 -0.14979 0.93784
-0.37559 -0.18799 0.90159
-0.27858 -0.019637 0.95915
-0.34287 -0.055462 0.93761
-0.42419 -0.25013 0.86892
-0.44833 -0.056642 0.88577
-0.28815 -0.16363 0.94274
-0.29689 -0.018834 0.95314
-0.25771 -0.33798 0.90471
-0.37839 -0.30807 0.87212
-0.30789 -0.23771 0.91934
-0.37714 -0.031059 0.92444
-0.24064 -0.0010138 0.96749
-0.3684 -0.31869 0.87263
-0.26802 -0.14243 0.95228
-0.39754 -0.23146 0.88541
-0.42682 -0.21688 0.87393
-0.37719 -0.21862 0.89738
-0.36274 -0.16208 0.91481
-0.3091 0.0093532 0.94979
-0.27036 -0.28005 0.91989
-0.35655 -0.10967 0.91828
-0.32944 -0.20153 0.91344
-0.22505 -0.22093 0.94773
-0.26952 -0.1197 0.9536
-0.4114 -0.26699 0.86958
-0.41622 -0.26374 0.86808
-0.4121 -0.23509 0.87585
-0.42487 -0.13729 0.89119
-0.36824 -0.18081 0.91126
-0.35688 0.015063 0.92867
-0.28334 -0.28244 0.91519
-0.32705 0.005093 0.94479
-0.28408 -0.069507 0.95606
-0.29764 -0.13169 0.94542
-0.25065 -0.35274 0.90129
-0.39515 -0.24624 0.87959
-0.45127 -0.083159 0.88745
-0.4034 0.0022302 0.9148
-0.40239 -0.23733 0.88364
-0.4872 -0.088535 0.86547
-0.40069 -0.0691 0.911
-0.34255 -0.24317 0.90586
-0.3816 -0.055798 0.92245
-0.35628 -0.28999 0.88746
-0.33067 -0.10884 0.93663
-0.39712 -0.22588 0.88608
-0.28119 -0.31886 0.90496
-0.30653 -0.25101 0.91767
-0.19609 -0.23353 0.9507
-0.19128 -0.22406 0.95296
-0.49276 0.010717 0.86795
-0.50175 -0.013554 0.86134
-0.47971 -0.087244 0.87005
-0.44114 -0.20643 0.86862
-0.54386 -0.058912 0.82915
-0.47232 -0.048418 0.87369
-0.4731 -0.26677 0.83557
-0.30855 -0.0014916 0.95071
-0.58324 -0.19458 0.78621
-0.54701 -0.11382 0.82761
-0.48906 -0.28485 0.82296
-0.49448 -0.1597 0.85211
-0.38213 -0.079154 0.91922
-0.27449 -0.15913 0.94552
-0.58103 -0.24735 0.77291
-0.59772 0.013624 0.79943
-0.55583 -0.23468 0.7953
-0.58312 -0.15447 0.79669
-0.57933 -0.16612 0.79796
-0.57178 -0.24542 0.78282
-0.57439 -0.10478 0.81183
-0.42624 -0.12956 0.89417
-0.41892 -0.13072 0.89748
-0.35005 -0.28643 0.8904
-0.20343 -0.19852 0.95542
-0.55299 0.029794 0.83101
-0.51176 -0.17713 0.83898
-0.47087 -0.16364 0.86582
-0.411 -0.11259 0.90285
-0.38932 -0.30831 0.86793
-0.53313 -0.13495 0.8339
-0.5191 -0.142 0.83712
-0.5365 -0.094911 0.83212
-0.50552 -0.062773 0.85645
-0.51243 0.014332 0.85455
-0.43446 -0.1371 0.8876
-0.35236 -0.17375 0.91836
-0.25172 -0.19949 0.94132
-0.3417 -0.16347 0.92323
-0.38493 -0.28408 0.8776
-0.55506 -0.099951 0.82532
-0.5026 -0.16374 0.84649
-0.46519 -0.22967 0.85225
-0.47767 -0.29524 0.82696
-0.45942 -0.12281 0.87927
-0.46635 -0.28964 0.83548
-0.4108 -0.14381 0.90005
-0.39414 -0.32982 0.85782
-0.4218 -0.18888 0.884
-0.42268 -0.32711 0.84507
-0.45769 0.02026 0.88698
-0.42794 0.017701 0.90217
-0.44482 -0.19604 0.87288
-0.37887 -0.28708 0.87863
-0.38661 -0.28922 0.87457
-0.4187 -0.25263 0.86954
-0.47347 -0.14708 0.86382
-0.36452 -0.10092 0.92348
-0.32861 -0.26368 0.90674
-0.33168 0.0017602 0.94282
-0.28829 -0.072481 0.95453
-0.30561 -0.32589 0.89443
-0.31596 -0.29899 0.89952
-0.29074 -0.26439 0.91847
-0.25419 -0.26336 0.92838
-0.23932 -0.31323 0.91855
-0.27496 -0.020241 0.95848
-0.62951 -0.072507 0.77136
-0.57101 -0.060194 0.81134
-0.57173 -0.014576 0.81523
-0.55834 -0.10001 0.81971
-0.51775 0.012278 0.85486
-0.52593 -0.24103 0.81086
-0.477 -0.12255 0.86975
-0.4615 -0.1569 0.87236
-0.47511 -0.12713 0.86842
-0.46876 -0.20995 0.85556
-0.41231 -0.28817 0.86269
-0.44804 -0.21661 0.85549
-0.50308 -0.24759 0.82529
-0.42984 -0.31211 0.84677
-0.47938 -0.0097102 0.87584
-0.53946 -0.015898 0.83385
-0.49592 -0.16008 0.85023
-0.52984 -0.24261 0.79991
-0.43468 -0.19278 0.87825
-0.50775 -0.26305 0.81546
-0.52321 -0.21956 0.82137
-0.55693 -0.14424 0.81695
-0.47015 -0.22342 0.8518
-0.44841 -0.046773 0.89228
-0.40012 -0.32291 0.85748
-0.45216 0.014445 0.8906
-0.44853 -0.21907 0.86257
-0.41941 -0.27022 0.86499
-0.41067 -0.20015 0.88711
-0.38527 -0.25548 0.88592
-0.41911 -0.18829 0.88225
-0.35972 -0.048049 0.9317
-0.37782 -0.25794 0.88708
-0.38002 -0.21351 0.89849
-0.45009 0.014772 0.89033
-0.32144 -0.31516 0.89253
-0.38157 -0.050978 0.92087
-0.32831 -0.088945 0.93992
-0.35586 -0.16649 0.91765
-0.27762 -0.31892 0.90556
-0.26706 -0.15521 0.94799
-0.48154 0.018561 0.87148
-0.44357 0.042798 0.89405
-0.46194 0.03419 0.88488
-0.34056 -0.25039 0.90281
-0.46856 0.035363 0.87943
-0.49993 -0.069245 0.85238
-0.51319 0.001725 0.85128
-0.50299 0.079324 0.85507
-0.51421 -0.051115 0.85122
-0.44465 -0.22612 0.86452
-0.48829 -0.30581 0.81714
-0.46823 -0.29343 0.83247
-0.45 -0.28397 0.84446
-0.42859 -0.21095 0.87321
-0.38429 -0.22365 0.89248
-0.41233 -0.26218 0.86898
-0.43658 -0.25592 0.85925
-0.45307 -0.29095 0.84096
-0.42069 -0.30203 0.85068
-0.43459 -0.26548 0.85844
-0.45203 -0.2734 0.84851
-0.45132 -0.26058 0.85287
-0.34829 -0.20417 0.90969
-0.37533 -0.13596 0.91578
-0.38301 -0.22286 0.89606
-0.38587 -0.22496 0.89423
-0.36404 -0.15535 0.91711
0.80774 -0.098861 0.49025
0.78692 0.01958 0.5702
-0.42752 0.023244 0.90229
-0.43635 -0.26283 0.85845
-0.43276 -0.27337 0.85723
-0.44703 -0.27833 0.84911
-0.46567 -0.30531 0.82888
-0.45847 -0.23338 0.85571
-0.39098 -0.21641 0.88985
-0.40397 -0.26303 0.87493
-0.4297 -0.31023 0.84657
-0.40153 -0.17952 0.8973
-0.44305 -0.19369 0.87507
-0.40989 -0.19905 0.88942
-0.42062 -0.184 0.8882
-0.36804 -0.18364 0.91019
0.63239 -0.04883 0.73399
0.61476 0.071093 0.76622
0.81956 0.11816 0.51149
-0.44358 -0.23212 0.86465
-0.44296 -0.23164 0.86509
-0.39878 -0.18873 0.89723
-0.34953 -0.20957 0.91246
0.85065 0.042949 0.45297
0.83901 0.15225 0.45502
0.41686 -0.31744 0.8484
0.8414 -0.17607 0.4995
0.80146 0.11077 0.57062
0.80815 0.095482 0.54207
0.78649 0.047745 0.60973
0.84574 -0.094947 0.51255
0.7829 -0.12321 0.60902
0.86454 0.05142 0.41409
0.92287 0.15838 0.26108
0.71926 0.099079 0.68459
0.85008 0.048677 0.47971
0.89162 -0.013611 0.36658
-0.36017 -0.22261 0.90583
0.71908 0.065294 0.67664
-0.43624 -0.24465 0.86465
-0.42684 -0.22888 0.87393
-0.42033 -0.20819 0.88227
-0.43544 -0.14241 0.88781
-0.40013 -0.2585 0.87918
0.72168 0.036424 0.69092
0.82158 0.14975 0.47245
0.83476 0.10061 0.50704
0.7877 0.082046 0.58449
0.76903 0.031599 0.63128
0.76694 0.051355 0.63348
0.91345 0.079261 0.31583
0.80951 0.06308 0.56315
-0.44318 -0.24022 0.86311
0.84212 0.079851 0.4971
0.84771 0.026909 0.52692
0.83986 -0.00051162 0.54265
0.84234 0.030762 0.53678
0.78731 0.076394 0.59369
0.89824 0.069608 0.29443
0.83898 0.0033973 0.46176
0.94418 -0.30157 -0.13193
0.83961 0.048279 0.42422
0.85711 -0.034893 0.51317
0.88889 0.013489 0.42511
0.92975 0.0074425 0.35993
0.91699 0.045925 0.39445
0.89975 -0.13487 0.41436
0.95241 -0.1709 0.23407
0.88086 0.1131 0.40147
0.85612 0.098522 0.5065
0.84733 0.085015 0.52085
0.82699 -0.0036708 0.5173
0.84053 0.11952 0.44728
0.89847 -0.14459 0.4142
0.78702 0.094035 0.59155
0.82806 0.014065 0.55554
0.75151 0.1302 0.63784
0.92818 -0.038298 0.36773
0.91336 0.043454 0.3993
0.90651 -0.080591 -0.40004
0.92667 -0.050978 -0.36031
0.855 -0.10234 -0.50295
0.87626 -0.27284 -0.39287
0.87395 -0.27715 -0.39593
0.9112 -0.23096 -0.32742
0.87152 -0.31407 -0.37228
0.90376 -0.24178 -0.3465
0.91705 -0.11452 -0.37713
0.91328 -0.11733 -0.387
0.89208 -0.30546 -0.32805
0.92409 -0.0067266 -0.38129
0.85767 0.0045651 -0.50944
0.85831 -0.095251 -0.49947
0.8714 -0.091744 -0.4745
0.90222 -0.081072 -0.41959
0.88419 -0.16984 -0.42922
0.88251 -0.084648 -0.46093
0.84938 -0.27751 -0.43997
0.88953 -0.17103 -0.41828
0.90318 0.039609 0.41041
0.95637 0.0058565 0.28555
0.86862 -0.27747 -0.40493
0.81914 0.050055 0.57002
0.85394 0.053026 0.50628
0.82531 0.057318 0.55847
0.92941 -0.20175 -0.29102
0.93596 -0.21648 -0.25631
0.89384 -0.19497 -0.38994
0.9198 -0.049252 -0.36696
0.90282 -0.16148 -0.37395
0.88125 -0.17276 -0.43157
0.93184 -0.011944 -0.35372
0.87159 -0.18764 -0.43688
0.88062 -0.079162 -0.45519
0.84566 -0.24168 -0.47289
0.8747 -0.21496 -0.4216
0.90694 -0.085677 -0.39602
0.85771 -0.046709 -0.50076
0.8689 -0.03987 -0.491
0.86334 -0.089523 -0.49116
0.89447 -0.0072896 -0.42961
0.95052 -0.11132 -0.28219
0.95838 -0.07867 -0.25569
0.90298 -0.2336 0.35412
0.79767 -0.22851 0.54608
0.82682 -0.21298 0.51348
0.7949 -0.14064 0.58173
0.90218 -0.23303 0.35683
0.76765 -0.15019 0.61872
0.82345 -0.033963 0.55854
0.81121 -0.096555 0.56972
0.96084 -0.038544 -0.27361
0.94618 -0.15168 -0.28347
0.95681 -0.0061847 0.28833
0.94232 -0.0036342 0.33428
0.89038 -0.22608 -0.38715
0.93525 -0.18624 -0.29404
0.84051 -0.30921 0.44415
0.84197 -0.31055 0.44032
0.97585 -0.039076 -0.2089
0.94518 -0.23895 -0.21016
0.89479 -0.33733 -0.29154
0.88841 -0.089763 -0.43473
0.94838 -0.15583 -0.26158
0.90985 -0.25024 -0.3205
0.89463 -0.29386 -0.3336
0.89588 -0.28856 -0.33483
0.90127 -0.19302 -0.38489
0.92347 -0.16861 -0.3394
0.91446 -0.1233 -0.36583
0.86154 -0.1951 -0.46462
0.86453 0.0070613 -0.50146
0.86681 0.0049983 -0.4921
0.89175 0.0065757 -0.43982
0.96845 0.00010285 0.24151
0.90835 -0.13899 -0.38839
0.82114 -0.055936 0.5645
0.8156 -0.01521 0.5703
0.90107 -0.010785 0.41576
0.90706 -0.0095576 0.4001
0.81436 0.0010943 0.57513
0.8196 0.0041365 0.56872
0.91353 -0.0055513 0.38125
0.87274 0.0051343 -0.4832
0.8857 -0.085225 -0.44572
0.83487 0.00076568 0.54552
0.92645 -0.24701 -0.28256
0.87515 -0.33632 -0.34623
0.90488 -0.30767 -0.2864
0.96395 -0.015862 -0.25118
0.84912 -0.11331 -0.51478
0.86516 -0.20657 -0.45455
0.85904 -0.1921 -0.46578
0.84359 -0.20082 -0.49164
0.84276 -0.20141 -0.49789
0.85153 -0.0076252 -0.52012
0.85158 -0.046029 -0.51536
0.85857 -0.26095 -0.43406
0.87258 -0.011095 -0.482
0.83487 -0.24934 -0.48947
0.87849 -0.040342 -0.47357
0.82042 -0.33376 -0.46296
0.86936 -0.22809 -0.43458
0.88869 -0.13943 -0.42815
0.86146 -0.22463 -0.45364
0.88164 -0.14303 -0.44615
0.87021 -0.14664 -0.45764
0.89929 -0.071685 -0.43
0.85549 -0.24267 -0.45638
0.87808 -0.088806 -0.46936
0.87574 -0.082236 -0.4726
0.89497 0.0057843 -0.44334
0.84822 -0.25736 -0.46041
0.85381 -0.29254 -0.42852
0.85926 -0.27713 -0.42151
0.91734 -0.17914 -0.32795
0.93107 -0.18635 -0.29192
0.89242 -0.22677 -0.38274
0.83062 -0.32783 -0.44735
0.96428 -0.00010601 0.25966
0.88254 -0.16472 -0.43434
0.86853 -0.17191 -0.45576
0.91855 -0.15813 -0.34748
0.91442 -0.013189 -0.39737
0.87746 -0.0091467 0.45961
0.80202 0.072421 0.58796
0.8749 -0.2389 -0.4205
0.89838 -0.21341 -0.36359
0.82344 -0.013975 0.56105
0.84681 -0.01277 0.52758
0.84822 -0.012093 0.52178
0.87154 -0.041852 -0.48592
0.84506 -0.29138 -0.44644
0.80597 -0.064953 0.58694
0.81657 -0.065912 0.56115
0.95108 0.036481 0.29494
0.89695 -0.19121 -0.39654
0.90186 -0.15106 -0.40086
0.92431 -0.070966 -0.37442
0.90261 -0.17189 -0.38998
0.92675 -0.10832 -0.35825
0.89115 -0.3095 -0.32982
0.89152 -0.31003 -0.32837
0.90641 -0.2398 -0.34604
0.89254 -0.30417 -0.33104
0.90663 -0.2658 -0.32598
0.907 -0.26754 -0.32367
0.90766 -0.2666 -0.32265
0.93279 -0.14635 -0.32843
0.94599 -0.046284 -0.31978
0.93726 -0.16718 -0.30465
0.93776 -0.16645 -0.30366
0.95061 -0.22706 -0.20561
0.98139 -0.021393 -0.1897
0.91482 -0.3024 0.26735
0.91595 -0.30007 0.26611
0.91584 -0.30025 0.26631
0.9238 -0.28479 0.2556
0.96985 -0.0070769 0.24354
0.91303 -0.31791 -0.25525
0.96108 -0.05386 -0.2696
0.96839 0.0031541 -0.24921
0.96858 -0.068765 -0.23873
0.79583 -0.14065 0.58386
0.82714 -0.1291 0.54596
0.9298 -0.28329 -0.23433
0.95116 -0.079853 -0.29229
0.91917 -0.28302 0.27311
0.91891 -0.26377 0.2931
0.91169 -0.276 0.30305
0.88571 -0.23418 -0.39578
0.84524 -0.26196 -0.46019
0.85935 -0.17108 -0.47738
0.84504 -0.20766 -0.48825
0.89488 -0.1556 -0.41461
0.88043 -0.23721 -0.40649
0.8658 -0.24745 -0.43325
0.85723 -0.16667 -0.47886
0.85748 -0.11041 -0.49812
0.8586 -0.31093 -0.40327
0.8693 -0.24015 -0.4195
0.88001 -0.1591 -0.43831
0.8645 -0.19768 -0.45703
0.88955 -0.25737 -0.37301
0.78808 -0.22326 0.56643
0.76483 -0.22956 0.59814
0.79797 -0.28014 0.52796
0.79836 -0.28011 0.52733
0.78806 -0.22261 0.5668
0.76533 -0.23486 0.59526
0.80083 -0.14402 0.57444
0.7911 -0.1452 0.58625
0.80091 -0.14437 0.57442
0.80089 -0.14357 0.57459
0.7859 -0.067274 0.61103
0.78734 0.030525 0.61205
0.80802 -0.059541 0.57965
0.79931 -0.060826 0.58995
0.80815 -0.060096 0.57939
0.78887 0.0273 0.61029
0.78905 0.026836 0.61012
0.8937 -0.04988 -0.43022
0.90741 -0.15306 -0.39014
0.8971 -0.22571 -0.37839
0.92704 -0.064701 -0.36612
0.90045 -0.21949 -0.37407
0.89206 -0.28409 -0.34732
0.93703 -0.0070684 -0.34637
0.9189 -0.0062957 -0.38476
0.95391 -0.22215 -0.19861
0.9605 -0.12616 -0.23736
0.89485 -0.35359 0.27141
0.91798 -0.2953 0.26418
0.86765 -0.10686 -0.48118
0.8848 -0.15446 -0.43809
0.86038 -0.2779 -0.42555
0.89727 -0.21911 -0.37603
0.86132 -0.27508 -0.42544
0.88506 -0.2294 -0.40111
0.91088 -0.13998 -0.38234
0.85396 -0.20011 -0.4759
0.87647 -0.066603 -0.4727
0.88468 -0.095281 -0.44956
0.85306 -0.10484 -0.50972
0.84401 -0.32161 -0.42498
0.89407 -0.055166 -0.43448
0.8787 -0.061195 -0.46987
0.92271 -0.29862 -0.23484
0.96882 -0.038378 -0.24174
0.9573 -0.028875 -0.28426
0.96341 -0.026076 -0.25692
0.94054 0.0098275 -0.3309
0.9597 -0.10552 -0.25918
0.94803 -0.2134 -0.23468
0.76237 -0.23656 0.59978
0.95795 -0.050478 -0.27816
0.9619 -0.02198 -0.26168
0.76072 -0.1536 0.62685
0.79239 -0.21274 0.56566
0.77649 -0.22021 0.5828
0.78686 -0.062157 0.60937
0.78564 -0.10458 0.60483
0.79574 0.024531 0.60045
0.81703 -0.21807 0.52518
0.89848 -0.32794 0.28841
0.8855 -0.34921 0.30423
0.8691 -0.23231 -0.43277
0.85634 -0.24155 -0.45537
0.93917 -0.12524 -0.2994
0.93168 0.0012209 -0.35271
0.87174 -0.31652 -0.36559
0.89552 -0.28654 -0.33267
0.86134 -0.29114 -0.4151
0.87019 -0.27966 -0.40401
0.89288 -0.19583 -0.39294
0.92509 -0.10029 -0.32359
0.89979 -0.16499 -0.40306
0.91314 -0.078698 -0.39623
0.90797 -0.18926 -0.37164
0.9019 -0.27884 -0.32539
0.89111 -0.31213 -0.32608
0.92986 -0.21222 -0.28486
0.87649 -0.34622 -0.33355
0.89063 0.01027 0.44137
0.9001 0.047899 0.43095
0.96887 -0.089791 -0.22569
0.92722 -0.28081 -0.23962
0.92214 -0.27852 0.26538
0.89389 -0.010544 0.44234
0.93596 -0.24897 -0.23998
0.95139 -0.0080125 0.30756
0.9531 -0.0074082 0.30196
0.9218 -0.2759 0.26982
0.91328 -0.29194 0.28303
0.94042 -0.30188 -0.15145
0.94395 -0.26196 -0.20042
0.96814 -0.099215 -0.22873
0.96067 -0.00075232 -0.26504
0.93179 -0.33407 -0.13863
0.78348 -0.22458 0.57315
0.87726 -0.36345 0.31325
0.88651 -0.34905 0.3019
0.90635 -0.31531 0.27904
0.90454 -0.31885 0.28115
0.90387 -0.31958 0.28132
0.91519 -0.28987 0.27892
0.94835 -0.1803 0.25985
0.93206 -0.33074 -0.14635
0.89759 -0.38365 0.21597
0.7608 -0.23109 0.60391
0.94505 -0.23987 -0.22068
0.9404 -0.16369 -0.2875
0.97129 -0.051094 -0.23211
0.80356 -0.30791 0.50666
0.79379 -0.33355 0.50687
0.94659 -0.18705 -0.25621
0.80432 -0.30867 0.50407
0.81117 -0.30351 0.49718
0.91259 -0.33005 -0.24012
0.97503 -0.014937 -0.21927
0.93296 -0.04044 -0.34164
0.85606 -0.015537 -0.51165
0.86787 -0.24798 -0.42762
0.84155 -0.32932 -0.42538
0.87793 -0.24214 -0.41051
0.85141 -0.26181 -0.44764
0.8943 -0.15409 -0.4178
0.85648 -0.31675 -0.40489
0.90217 -0.17107 -0.38097
0.89037 -0.14505 -0.41828
0.86446 -0.24486 0.42751
0.90838 -0.11752 -0.40011
0.88138 -0.28188 -0.37791
0.90814 -0.15601 -0.3867
0.88543 -0.089431 -0.44561
0.79746 -0.31036 0.51569
0.90032 -0.24411 -0.35932
0.91273 -0.1165 -0.38954
0.92215 -0.12716 -0.36437
0.93192 -0.057705 -0.35741
0.91011 -0.18214 -0.36481
0.93245 -0.15977 -0.32333
0.94268 -0.056737 -0.32696
0.88359 -0.32049 -0.3386
0.91892 -0.11091 -0.37644
0.90375 -0.25975 -0.33966
0.90959 -0.27547 -0.31003
0.76259 -0.096123 0.63928
0.74303 -0.101 0.66017
0.77774 -0.26511 0.56993
0.76726 -0.037916 0.63691
0.93093 -0.069885 -0.34766
0.9324 -0.20152 -0.29883
0.90011 -0.30505 -0.30673
0.95653 -0.058815 -0.28525
0.93236 -0.010245 0.36124
0.88373 -0.32661 0.33432
0.96275 -0.11882 -0.24133
0.87986 -0.10574 -0.45975
0.88853 -0.042207 -0.45686
0.88802 -0.042176 -0.45786
0.89277 -0.19566 -0.40452
0.85676 -0.063988 -0.50608
0.90662 0.0015094 -0.42194
0.86762 -0.34213 -0.36057
0.90303 -0.23045 -0.36244
0.87979 -0.19643 -0.4285
0.91228 -0.16058 -0.37574
0.90743 -0.24593 -0.34061
0.92165 -0.11972 -0.36825
0.85864 -0.29876 0.41458
0.91777 -0.19168 -0.34683
0.89578 -0.24408 0.36239
0.89098 -0.25039 0.36865
0.81306 -0.26431 0.51104
0.8419 -0.24084 0.47509
0.86953 0.03642 0.48959
0.78579 -0.10393 0.60592
0.93445 -0.059167 -0.34449
0.93825 -0.29164 -0.17636
0.93043 -0.3085 -0.18833
0.90887 -0.029634 -0.41546
0.89606 -0.13308 -0.42209
0.86873 -0.2579 -0.42139
0.92213 -0.12441 -0.3636
0.84463 -0.30073 0.44231
0.92664 -0.051127 -0.36452
0.87455 -0.2858 -0.3834
0.8955 -0.19463 -0.39822
0.92381 -0.0097777 0.38269
0.88847 -0.28973 0.35445
0.87315 -0.29202 0.38734
0.889 -0.26394 0.37377
0.95543 -0.015354 -0.28104
0.94474 -0.17479 -0.27472
0.92806 -0.16306 -0.33108
0.9124 -0.25056 -0.32253
0.93576 -0.10245 -0.33451
0.93693 -0.10038 -0.33297
0.77469 -0.060766 0.62686
0.84401 -0.29918 0.44169
0.95585 -0.050723 -0.28831
0.94011 0.0108 -0.33726
0.9468 -0.045939 -0.31514
0.947 -0.14661 -0.28498
0.92159 -0.16656 -0.34262
0.93365 -0.096636 -0.33659
0.92317 -0.21809 0.31619
0.79153 -0.22995 0.56591
0.9598 -0.10891 -0.25628
0.76682 -0.2254 0.59896
0.94363 -0.16777 -0.28164
0.86287 -0.3827 0.32979
0.79797 -0.18813 0.56447
0.84019 -0.26948 0.4608
0.90957 -0.29934 0.28751
0.91916 -0.22096 0.31828
0.92265 -0.21662 0.31364
0.92083 -0.35758 -0.15472
0.8713 -0.043804 0.48145
0.78424 -0.015947 0.61727
0.81043 0.069051 0.5794
0.82283 0.050697 0.56401
0.8241 0.016504 0.56424
0.82561 0.053259 0.55979
0.82846 0.031823 0.55729
0.86975 -0.00052336 0.48942
0.83785 0.061115 0.54073
0.83632 -0.31212 0.45041
0.86567 0.049888 0.49617
0.84723 0.040855 0.52935
0.81781 0.063007 0.56782
0.82083 0.063197 0.56508
0.82427 0.030839 0.56147
0.84332 0.027353 0.5331
0.89109 0.0093575 0.44851
0.84924 0.015021 0.52468
0.81204 0.042438 0.57191
0.83443 0.036892 0.54672
0.83727 0.0034995 0.54477
0.86157 0.03123 0.50642
0.85999 0.0068647 0.51009
0.86315 0.037758 0.50325
0.82388 -0.00080717 0.55716
0.82544 0.069532 0.551
0.83021 -0.32594 0.45198
0.76368 0.03465 0.63897
0.85111 -0.050655 0.52198
0.89419 -0.12302 -0.42871
0.79512 0.075337 0.59888
0.78026 0.086259 0.61706
0.82857 -0.0649 0.55146
0.77688 0.062286 0.62204
0.96003 0.027969 0.27725
0.85867 0.017651 0.4525
0.92654 0.039676 0.368
0.75964 0.069575 0.64618
0.77252 -0.063602 0.63146
0.9386 0.044169 0.33497
0.95006 0.028247 0.30683
0.92285 0.02768 0.36889
0.91419 -0.049125 -0.40039
0.88093 -0.27135 -0.38536
0.89689 -0.02168 -0.43662
0.88154 -0.26792 -0.38649
0.88182 -0.26705 -0.38644
0.91619 -0.017938 -0.39847
0.86461 -0.33869 -0.36856
0.86492 -0.33855 -0.36799
0.90749 -0.21132 -0.36118
0.8604 -0.34944 0.37068
0.99834 -0.017547 0.034841
0.99128 0.0050971 0.093979
0.99232 0.011311 0.10906
0.9899 0.12035 0.056723
0.99268 0.065567 0.079542
0.99394 0.070369 0.072254
0.97128 0.095301 0.19536
0.97802 -0.036158 0.16369
0.93839 0.020186 0.34315
0.88095 0.071405 0.4525
0.89164 -0.30091 -0.33381
0.90988 -0.31445 -0.27015
0.91744 -0.29335 -0.26782
0.95708 -0.066878 -0.26805
0.72033 -0.18236 0.66836
0.95288 0.036799 0.30013
0.73615 -0.069557 0.67133
0.79293 0.049002 0.607
0.77861 -0.00051853 0.6193
0.73716 -0.0694 0.67008
0.77359 0.063989 0.62906
0.74614 0.035395 0.663
0.77279 0.051351 0.62912
0.75785 0.019433 0.65032
0.75847 0.018649 0.64964
0.76026 0.070464 0.64337
0.7596 0.093822 0.64087
0.76307 0.044136 0.64304
0.76618 0.040259 0.63876
0.77201 0.0022969 0.63311
0.78946 0.0024755 0.61293
0.76778 0.064097 0.63453
0.78981 0.0023039 0.6125
0.77567 0.075148 0.62499
0.79117 0.068674 0.60687
0.79513 0.077284 0.59868
0.93758 0.023278 0.33946
0.90435 0.05774 0.41318
0.92125 0.031672 0.38287
0.93871 0.0064593 0.34122
0.95439 0.050922 0.29394
0.8941 0.12634 0.34773
0.9098 0.029637 0.39851
0.92707 0.061927 0.36027
0.99907 -0.017277 0.024157
0.99816 -0.015748 0.038971
0.99906 0.0060621 0.025559
0.98822 0.026868 0.10956
0.85999 -0.31166 0.40326
0.85567 -0.3124 0.41245
0.88414 -0.2332 0.40469
0.87614 -0.28867 0.38489
0.86157 -0.35575 0.36212
0.89087 -0.30314 0.33681
0.87824 -0.33253 0.34347
0.86476 -0.35336 0.35665
0.88914 -0.32386 0.32321
0.90454 -0.27873 0.32259
0.87551 -0.28988 0.3844
0.90509 -0.2736 0.32519
0.87739 -0.35452 0.32319
0.93981 -0.3307 -0.085868
0.93872 -0.33333 -0.085366
0.94434 -0.32139 -0.069608
0.90005 -0.30776 0.30838
0.99376 -0.065598 -0.088949
0.89897 -0.30645 0.3124
0.89502 -0.30495 0.32271
0.90227 -0.29629 0.312
0.9351 -0.34586 -0.075867
0.88168 -0.3431 0.32354
0.89629 -0.31716 0.30989
0.9275 -0.36389 -0.083317
0.87543 -0.33063 0.35129
0.89082 -0.31928 0.32289
0.88149 -0.31701 0.34931
0.88737 -0.25244 0.38442
0.87944 -0.30856 0.36145
0.8885 -0.28296 0.36122
0.87584 -0.33858 0.34388
0.87555 -0.32872 0.35299
0.90529 -0.28861 0.3114
0.83472 -0.27092 0.47723
0.92188 -0.34393 -0.17832
0.92102 -0.34286 -0.18473
0.93299 -0.31728 -0.16959
0.92917 -0.32718 -0.17168
0.94262 -0.28375 -0.17553
0.92621 -0.33237 -0.17633
0.85358 -0.32006 0.41034
0.79488 0.10534 0.59252
0.92469 -0.33385 -0.18269
0.87493 -0.32383 0.35883
0.8886 -0.32608 0.32237
0.9032 -0.33495 -0.26446
0.79785 0.048989 0.60007
0.9127 0.05287 -0.37865
0.80172 -0.28921 0.52138
0.76694 -0.31624 0.55784
0.9093 0.083081 0.4007
0.85848 -0.35279 0.37212
0.80737 -0.29204 0.51186
0.81082 -0.29152 0.50694
0.83406 0.05932 0.54808
0.81729 -0.28015 0.50228
0.84936 0.056023 0.52288
0.89689 0.042454 -0.43863
0.83485 0.11025 0.53375
0.89095 0.088049 0.43493
0.84195 0.10855 0.52316
0.84219 0.10795 0.52301
-0.2967 0.0085883 0.9547
-0.53388 -0.25865 0.80273
-0.56417 -0.19676 0.80116
-0.53818 -0.26907 0.79854
-0.60482 -0.12813 0.7847
-0.58836 -0.033815 0.80567
-0.59456 -0.066511 0.7997
-0.60237 -0.12746 0.78613
-0.53779 -0.2843 0.79216
-0.57754 -0.14406 0.802
-0.59271 -0.15657 0.78885
-0.57273 -0.15008 0.80391
-0.57633 -0.054412 0.8149
-0.54616 -0.073636 0.83265
-0.51001 -0.28675 0.80963
-0.50684 -0.28476 0.81259
-0.47412 -0.21233 0.85109
-0.57404 -0.27234 0.7705
-0.52792 -0.24486 0.81105
-0.59601 -0.018934 0.80116
-0.57587 -0.016882 0.81482
-0.53867 -0.22135 0.80701
-0.47511 -0.18297 0.86033
-0.49247 -0.23307 0.83819
-0.48167 -0.22812 0.8455
-0.62834 -0.030125 0.75525
-0.56532 -0.15648 0.80842
-0.60131 -0.013977 0.7986
-0.59205 -0.10995 0.79675
-0.54726 -0.012999 0.83456
-0.60145 -0.018961 0.79669
-0.60376 -0.16884 0.77831
-0.55553 -0.17711 0.80969
-0.55716 -0.097941 0.82268
-0.6003 -0.10337 0.79235
-0.60485 0.011919 0.79557
-0.60635 0.016508 0.79433
-0.62185 -0.13464 0.76963
-0.56406 -0.14447 0.81274
-0.58621 -0.19361 0.78644
-0.60157 -0.037524 0.79768
-0.61459 -0.17731 0.76666
-0.60577 0.024424 0.795
-0.62785 -0.025174 0.77609
-0.60722 0.019331 0.79116
-0.57117 -0.021547 0.82035
-0.62599 -0.069599 0.77483
-0.59777 -0.074259 0.79797
-0.70228 -0.10494 0.68351
-0.47967 -0.31574 0.81826
-0.45982 -0.30901 0.83218
-0.53302 -0.30401 0.78955
-0.53397 -0.30438 0.78876
-0.57908 -0.21741 0.78199
-0.45344 -0.016835 0.88722
-0.4931 -0.26616 0.82605
-0.57918 -0.15641 0.79882
-0.56007 -0.15763 0.81226
-0.48452 -0.29765 0.8222
-0.49451 -0.22647 0.83645
-0.48361 -0.29846 0.82243
-0.54634 -0.17786 0.81737
-0.44811 -0.31714 0.8355
-0.45309 -0.25776 0.85313
-0.51741 -0.013755 0.85486
-0.57253 -0.018077 0.8128
-0.5112 -0.10878 0.8517
-0.42484 -0.20952 0.87421
-0.4921 0.022776 0.86972
-0.49352 -0.065746 0.86631
-0.49008 -0.086058 0.86649
-0.46538 -0.22557 0.85499
-0.41141 -0.24098 0.87887
-0.44878 -0.13982 0.88212
-0.43387 -0.16655 0.88487
-0.42014 -0.15014 0.89433
-0.43423 -0.090748 0.89593
-0.42875 0.024592 0.90234
-0.35174 -0.34308 0.87078
-0.39167 -0.091167 0.9142
-0.54495 -0.14588 0.82467
-0.53309 -0.25545 0.80567
-0.5347 0.0078982 0.84419
-0.50237 -0.29432 0.81208
-0.56441 -0.20225 0.79729
-0.57521 -0.031044 0.81461
-0.56016 -0.14636 0.81255
-0.57768 -0.063379 0.81142
-0.55451 -0.24598 0.79183
-0.50944 -0.21941 0.83205
-0.51969 -0.14974 0.83652
-0.54126 -0.016528 0.83831
-0.52675 -0.19393 0.82526
-0.47904 -0.24215 0.84371
-0.53521 -0.057666 0.84062
-0.44827 -0.27742 0.84974
-0.44899 -0.25685 0.85581
-0.46014 0.013533 0.88289
-0.4674 -0.26559 0.84105
-0.47519 -0.29287 0.82818
-0.45949 -0.14984 0.86671
-0.50203 -0.012904 0.86313
-0.4769 -0.23249 0.84642
-0.4102 -0.29165 0.86409
-0.42833 -0.26359 0.86319
-0.49052 -0.23315 0.83372
-0.47184 -0.2245 0.84714
-0.36839 -0.33062 0.86888
-0.4334 -0.27193 0.85639
-0.44268 -0.1327 0.88493
-0.40233 -0.26435 0.87445
-0.36603 -0.083952 0.9254
-0.32103 -0.3226 0.8893
-0.28941 -0.22506 0.92811
-0.29258 -0.27149 0.91578
-0.25159 -0.31926 0.91291
-0.22339 -0.36089 0.90539
-0.31439 -0.31216 0.89558
-0.33284 -0.050319 0.94109
-0.25466 -0.28758 0.92318
-0.31343 -0.013613 0.94876
-0.30203 -0.076897 0.94981
-0.33972 -0.070811 0.93247
-0.21527 -0.35177 0.91091
-0.50123 -0.10537 0.85602
-0.26955 -0.12078 0.95383
-0.54367 -0.27529 0.79169
-0.55925 -0.060284 0.82578
-0.5492 -0.28721 0.78365
-0.36603 -0.066974 0.92736
-0.2654 -0.3085 0.91344
-0.24223 -0.30939 0.91916
-0.26977 -0.34882 0.89714
-0.56582 -0.017679 0.82282
-0.55215 -0.033424 0.8317
-0.5598 -0.14494 0.8157
-0.52948 -0.05521 0.84485
-0.56257 -0.10007 0.81984
-0.52501 -0.0094547 0.85002
-0.58538 0.011181 0.80786
-0.54912 -0.017445 0.82864
-0.51568 -0.29428 0.80444
-0.57454 0.012992 0.81405
-0.5658 -0.26749 0.77747
-0.57011 -0.1908 0.79687
-0.5058 -0.23055 0.83006
-0.52725 -0.24137 0.81453
-0.5764 -0.10548 0.80819
-0.5775 -0.019223 0.81312
-0.50994 -0.24891 0.82325
-0.56096 -0.14907 0.81227
-0.4928 -0.13214 0.85999
-0.50775 -0.20324 0.83658
-0.54831 0.013623 0.83453
-0.39668 -0.036461 0.91172
-0.32533 -0.070461 0.94286
-0.24213 -0.3419 0.90746
-0.60895 -0.10951 0.78376
-0.58954 -0.19054 0.78213
-0.60638 -0.018309 0.79239
-0.58175 -0.12323 0.80178
-0.5839 -0.15028 0.79618
-0.58008 -0.11872 0.80371
0.27116 0.0047518 0.9623
0.21739 0.037802 0.97398
0.2581 0.049024 0.96469
-0.45313 0.045068 0.88923
-0.49524 0.051422 0.86689
-0.50243 0.048821 0.86281
-0.45174 0.041702 0.88962
-0.59903 -0.25422 0.75883
-0.61005 -0.19856 0.76662
-0.60899 -0.2016 0.76661
-0.6113 -0.19775 0.76569
-0.52617 -0.25396 0.80982
-0.50186 -0.15975 0.84947
-0.49785 -0.2278 0.83424
-0.48274 -0.21614 0.84675
-0.50369 -0.1001 0.85763
-0.49664 -0.27157 0.82287
-0.5212 -0.22238 0.82087
-0.51582 -0.21851 0.82589
-0.50147 -0.28921 0.81236
-0.40172 -0.30484 0.86262
-0.44211 -0.13666 0.88646
-0.4366 -0.25146 0.86088
-0.47793 -0.12924 0.86625
-0.43945 -0.16196 0.88284
-0.48677 -0.15944 0.85631
-0.4219 -0.2005 0.88159
-0.41843 -0.27511 0.86479
-0.42958 0.023488 0.90245
-0.37702 -0.30527 0.87437
-0.38377 -0.045197 0.92208
-0.40486 -0.2347 0.87875
-0.35562 -0.12489 0.92574
-0.36528 -0.28335 0.88635
-0.312 -0.13917 0.938
-0.32373 -0.16056 0.93176
-0.5418 -0.15092 0.82517
-0.56957 -0.15876 0.80227
-0.59476 -0.16478 0.78433
-0.53889 -0.095847 0.83467
-0.58416 -0.24809 0.77012
-0.63906 -0.086849 0.76281
-0.6354 -0.12332 0.76084
-0.54479 -0.01368 0.83706
-0.54895 -0.25584 0.79521
-0.61429 -0.035717 0.78672
-0.62344 -0.071057 0.77741
-0.49343 -0.26415 0.8265
-0.57507 -0.021303 0.81618
-0.53102 -0.19232 0.824
-0.52998 -0.18948 0.82537
-0.56641 -0.060819 0.82034
-0.51168 -0.13565 0.84639
-0.49871 -0.1453 0.85312
-0.5124 -0.14691 0.84509
-0.5575 -0.19031 0.80278
-0.44289 -0.32372 0.83529
-0.47291 -0.13287 0.87017
-0.41428 -0.24079 0.87759
-0.39901 -0.32006 0.85907
-0.49769 -0.10104 0.85865
-0.50622 -0.055153 0.8556
-0.47432 -0.049562 0.87509
-0.46825 -0.22324 0.85022
-0.47906 -0.02318 0.86484
-0.39537 -0.17963 0.90036
-0.42178 -0.25724 0.86772
-0.33884 -0.2285 0.91261
-0.35826 -0.27252 0.89256
-0.31776 -0.33173 0.88818
0.35736 0.052084 0.92894
0.247 0.0078129 0.96822
0.37577 0.051721 0.92154
-0.38487 -0.30349 0.87026
0.2289 0.057124 0.96533
0.2856 0.01346 0.94927
-0.4763 0.018203 0.87893
-0.49799 0.06639 0.86436
-0.45457 0.026855 0.88922
-0.48187 0.049845 0.87171
-0.44441 0.037613 0.89437
-0.43939 0.043986 0.89571
0.25487 0.056853 0.96513
-0.33976 -0.33074 0.87895
-0.33375 -0.22059 0.91508
-0.33153 -0.1446 0.93166
-0.34701 -0.31252 0.88385
-0.34754 -0.30481 0.88617
-0.34853 -0.25263 0.90242
-0.34114 -0.24498 0.90723
-0.34412 -0.19429 0.91831
-0.29935 -0.2172 0.92882
-0.28279 -0.26759 0.92057
-0.30175 -0.31646 0.89889
-0.30724 0.028214 0.95107
-0.30358 -0.097317 0.94736
-0.26895 -0.35884 0.89371
-0.28335 -0.0017956 0.95888
-0.58871 -0.14763 0.79159
-0.59631 -0.063882 0.79728
-0.61501 -0.22086 0.75639
-0.59553 -0.064709 0.79779
-0.6252 -0.12935 0.76921
-0.63111 -0.037905 0.77435
-0.61118 0.025464 0.78989
-0.60695 -0.25521 0.7521
-0.61025 0.025088 0.79064
-0.60594 -0.21679 0.76489
-0.58328 -0.15191 0.79534
-0.62295 0.026885 0.78142
-0.58971 -0.03469 0.80455
-0.58727 -0.058608 0.80495
-0.58845 -0.25328 0.76734
-0.60304 -0.25594 0.75463
-0.57761 -0.029673 0.81383
-0.60019 -0.1477 0.78589
-0.57452 -0.19145 0.7956
-0.61527 -0.17655 0.76623
-0.63943 -0.12278 0.75742
-0.63862 -0.12261 0.75809
-0.64249 0.012719 0.76469
-0.62709 0.012812 0.77681
-0.56377 -0.2665 0.78153
-0.56253 -0.26117 0.78423
-0.59501 -0.19948 0.77537
-0.51681 -0.089955 0.8473
-0.64208 0.013658 0.76497
-0.57353 -0.099851 0.81295
-0.59692 -0.017479 0.80133
-0.57641 -0.2071 0.78776
-0.52401 -0.25737 0.81068
-0.59817 -0.22483 0.76776
-0.5948 -0.13132 0.79143
-0.24584 -0.069806 0.96524
0.0038331 -0.34721 0.93755
-0.45003 -0.20264 0.86777
-0.54825 -0.19741 0.80599
0.15574 0.047295 0.98553
-0.61014 -0.19099 0.76099
0.079749 -0.33682 0.93808
-0.61778 -0.16025 0.76684
-0.30985 -0.2561 0.91537
0.087965 0.035115 0.99541
-0.18616 -0.064827 0.98013
0.008231 -0.32774 0.94455
-0.49333 -0.29969 0.81609
-0.47788 -0.31341 0.82002
-0.48686 -0.31336 0.81494
-0.13283 -0.27654 0.95156
-0.18689 -0.28429 0.93974
-0.055413 -0.32444 0.94391
-0.15377 -0.28282 0.94632
-0.14286 -0.22586 0.96307
-0.16289 -0.27269 0.94649
-0.17192 -0.20794 0.96275
0.053724 -0.36114 0.93063
0.0054484 -0.26356 0.96448
-0.17463 -0.29532 0.93914
-0.02502 -0.29236 0.95551
0.046313 -0.18854 0.98089
-0.61958 0.024046 0.78292
-0.039742 -0.24865 0.96613
-0.048563 -0.29663 0.95261
-0.18371 -0.22237 0.95597
0.060619 -0.23853 0.96902
-0.19879 -0.049356 0.97871
-0.63031 -0.22295 0.74093
-0.2345 -0.19039 0.95322
-0.38476 -0.18305 0.90262
-0.032464 -0.30499 0.95098
0.022354 -0.25004 0.96679
0.094881 -0.29948 0.94864
-0.077796 -0.33897 0.9375
0.0052539 -0.3274 0.94458
-0.044755 -0.18054 0.98237
0.22578 0.060972 0.97167
-0.56817 -0.14797 0.80858
-0.57234 -0.27115 0.77357
-0.5927 -0.031994 0.79787
-0.54977 -0.14036 0.81468
-0.32485 -0.088492 0.9408
-0.59498 -0.25939 0.75871
-0.23048 -0.2881 0.9283
-0.22489 -0.28478 0.93134
-0.085409 -0.34237 0.93514
-0.24422 0.00031273 0.96945
-0.027883 -0.24854 0.96694
-0.2305 -0.31849 0.91897
-0.00056222 -0.28503 0.95792
-0.19642 -0.30939 0.92944
0.040347 -0.19775 0.9793
0.044453 -0.18954 0.98078
0.063337 -0.27173 0.95921
0.89426 -0.26638 0.35947
0.89192 -0.21604 0.39614
0.85312 -0.34158 0.39356
0.93481 0.048262 0.34353
0.91982 0.14582 0.30501
0.89427 -0.22091 0.3888
0.84586 0.10876 0.44827
0.88587 -0.33211 0.32373
0.89167 -0.33212 0.30754
0.87819 -0.29557 0.37548
0.98773 0.10853 0.04213
0.89801 -0.26232 0.35294
0.99454 0.089154 0.033568
0.98797 0.11233 0.083469
0.99512 0.0891 0.01868
0.92553 -0.26886 0.26429
0.93182 -0.2002 0.30234
0.90268 -0.20002 0.37476
0.95617 -0.16792 0.23963
0.91637 -0.22179 -0.31914
0.8128 -0.29481 0.50208
-0.60625 -0.027108 0.79171
-0.15709 -0.3066 0.938
-0.1993 -0.07871 0.97629
0.073649 -0.23381 0.96906
-0.045068 -0.34271 0.93821
-0.47641 -0.23008 0.84543
-0.52298 -0.24296 0.816
-0.61176 -0.17255 0.76994
0.16105 0.0099106 0.9859
-0.0065679 -0.25114 0.96787
-0.0087221 -0.26425 0.96336
0.0011421 -0.31176 0.94904
-0.15363 -0.17064 0.97245
-0.08267 -0.31125 0.94632
-0.4116 -0.18719 0.89133
0.88434 0.041723 0.40556
-0.3513 -0.26988 0.89571
-0.35857 -0.2341 0.90301
-0.47376 0.039139 0.87806
-0.48546 0.037967 0.87215
-0.52266 0.036496 0.84571
-0.47425 0.024961 0.87917
-0.51567 0.027762 0.85158
-0.37081 -0.28024 0.88526
-0.12722 -0.31007 0.94104
-0.18668 -0.13023 0.96988
0.0023244 -0.24139 0.96964
-0.12896 -0.19476 0.97128
-0.0044053 -0.24678 0.96846
0.04896 -0.29789 0.95262
-0.005354 -0.32048 0.94679
-0.026662 -0.27603 0.96051
0.078351 -0.28426 0.95414
0.054722 -0.31581 0.94665
-0.11656 -0.3739 0.92004
-0.18245 -0.31268 0.93096
0.0081207 -0.32619 0.94497
-0.17858 -0.2796 0.94193
-0.10081 -0.31314 0.94386
-0.24581 -0.27118 0.92925
0.068391 -0.29849 0.95103
-0.16488 -0.054163 0.98222
-0.14625 -0.050555 0.9876
-0.13059 -0.24404 0.95999
-0.11562 -0.21588 0.96887
-0.0024819 -0.14218 0.98946
0.0010798 -0.17523 0.98322
-0.45168 -0.26291 0.84898
0.074097 -0.34563 0.93498
0.059891 0.0138 0.99793
-0.033721 -0.27486 0.96003
0.056704 -0.32178 0.94433
0.044753 -0.24492 0.96761
0.044371 -0.27002 0.96147
-0.16814 -0.32891 0.9286
-0.074139 -0.24704 0.96561
-0.070354 -0.28726 0.95389
-0.034792 -0.29609 0.95397
-0.045047 -0.32224 0.94511
-0.11806 -0.25667 0.9583
-0.044539 -0.18457 0.98159
-0.064548 -0.25032 0.9645
0.062853 -0.24304 0.96726
-0.14591 -0.1614 0.97328
0.062374 -0.22361 0.9714
-0.030987 -0.17196 0.98427
0.93513 -0.20836 -0.26397
0.72552 -0.24419 0.64064
0.73598 -0.24048 0.6318
0.83656 -0.21476 -0.50247
0.74385 -0.23772 0.62301
0.86252 -0.11225 -0.4921
0.81321 -0.28434 -0.50609
0.85501 -0.16499 -0.49036
0.84206 -0.11177 -0.52611
0.86565 -0.062656 -0.49554
0.87218 -0.049428 0.45134
0.93696 -0.25039 0.24362
0.91184 -0.30398 -0.27465
0.83997 -0.21075 -0.4943
0.95282 0.012149 -0.28187
0.73781 -0.23942 0.6283
0.95799 -0.14696 0.24527
0.89744 -0.20814 0.3852
0.82383 -0.058173 0.55003
0.75293 0.045306 0.65241
-0.42167 -0.27383 0.86345
-0.1844 -0.2281 0.95457
-0.38783 -0.15242 0.90408
-0.35487 -0.15509 0.91979
0.81765 0.077496 0.53533
0.77757 0.01156 0.59794
0.82179 0.072952 0.52189
0.83455 0.033692 0.48683
-0.35818 -0.13457 0.92204
0.058349 -0.32277 0.94433
-0.27876 -0.13199 0.94773
-0.35116 -0.22853 0.9063
-0.43559 0.012467 0.89837
-0.4184 -0.021162 0.90273
0.02358 -0.32208 0.9459
-0.34814 -0.15725 0.92139
-0.32312 -0.15649 0.93172
-0.35378 -0.2488 0.90013
-0.35957 -0.14535 0.91844
-0.3426 -0.30514 0.88768
-0.32938 -0.096724 0.93888
-0.3376 -0.29756 0.89182
-0.0067321 -0.34965 0.93665
-0.0034283 -0.33497 0.94212
0.83946 -0.023236 0.53651
0.80897 -0.050068 0.54962
-0.13358 -0.28454 0.94844
0.70893 0.068122 0.68464
0.91494 -0.23601 0.32703
0.89687 -0.27048 -0.34891
0.87775 -0.12707 -0.46019
0.73315 -0.26341 0.62338
0.73385 -0.26221 0.62321
0.74998 -0.072164 0.65515
0.76227 0.035672 0.64349
0.8383 -0.23665 -0.48674
0.91535 -0.19247 0.34917
0.83372 -0.19679 -0.51227
0.84087 -0.011783 -0.5347
0.87189 -0.31703 0.37218
0.8892 -0.25947 0.3752
0.89287 -0.27685 -0.34824
0.7557 -0.23172 0.60923
0.9231 -0.16478 -0.34374
0.95616 -0.06775 -0.27735
0.93461 -0.28404 -0.21271
0.93653 -0.067321 -0.34006
0.83628 -0.31778 0.44418
0.87993 -0.21061 0.42395
0.89894 0.032595 0.43679
-0.044455 -0.2442 0.9672
0.86275 -0.029495 0.50064
0.87976 0.2093 0.42321
0.83002 0.071169 0.54882
0.88371 0.20194 0.41518
0.87333 0.19074 0.44344
0.83448 0.13486 0.49254
0.78459 0.026068 0.59643
0.97506 -0.21341 -0.057608
-0.47087 0.010136 0.88096
-0.51557 0.038425 0.85304
-0.37679 -0.19573 0.90471
-0.38368 -0.25089 0.88814
0.092707 -0.26609 0.95908
-0.17905 -0.28166 0.94119
0.83488 0.061094 0.52202
0.82727 0.14296 0.53213
0.82915 0.14361 0.52514
0.83871 0.15479 0.49571
0.79577 0.12323 0.57887
0.8679 -0.13134 0.45175
-0.0096145 -0.33268 0.94282
-0.00023887 -0.208 0.97513
-0.34185 -0.19982 0.9177
-0.36159 -0.27657 0.8898
-0.37546 -0.17993 0.90584
0.12185 0.040398 0.99169
0.12072 0.039439 0.99189
0.82749 -0.23927 -0.50176
0.83975 -0.20078 -0.49675
0.8557 -0.043098 -0.50263
0.90423 -0.19583 0.37822
0.88638 -0.32635 0.32675
0.83446 -0.047786 -0.54404
0.85878 -0.042532 -0.50356
0.91893 0.029424 0.39252
0.92639 -0.13233 -0.34141
0.85601 -0.27554 -0.43325
0.87127 -0.29587 0.38988
0.87751 -0.25314 -0.39383
0.87298 -0.28643 0.3941
0.86788 -0.32249 0.37645
-0.36079 -0.21634 0.9069
-0.47305 0.035353 0.87926
-0.25814 -0.21433 0.93694
-0.4395 -0.28733 0.84947
-0.40702 -0.25195 0.87781
-0.38235 -0.19611 0.90232
-0.33691 -0.29022 0.89476
-0.0117 -0.32955 0.94353
-0.47869 0.026021 0.87379
-0.0074466 -0.3435 0.93856
-0.012318 -0.33567 0.94166
-0.29376 -0.15243 0.94074
0.84827 -0.30505 0.4309
0.87766 -0.21434 0.42437
0.87492 -0.21077 0.43448
0.90356 -0.24464 0.34319
0.93298 -0.26719 -0.23493
0.83843 -0.29138 -0.45958
0.92785 -0.32222 -0.1846
0.89304 0.17477 0.37067
0.92281 -0.30734 0.22986
0.9038 -0.18615 -0.37101
0.84201 -0.13383 0.50658
0.9544 -0.15985 -0.23748
0.9358 -0.32284 -0.13694
0.93539 -0.32463 -0.13592
0.94221 -0.2391 0.23406
0.9399 -0.31413 -0.12987
0.96525 0.01427 0.26072
0.93605 -0.32376 -0.13426
0.84459 -0.060412 -0.52698
0.88988 -0.15323 -0.41828
0.94857 -0.28318 -0.13912
0.95597 -0.15495 0.24893
0.83367 -0.12775 -0.53202
0.80879 -0.27654 -0.51333
0.93109 -0.33732 -0.13632
0.93474 -0.25391 -0.24815
0.97861 0.0040391 0.20449
0.97526 -0.13437 -0.17009
0.86545 -0.024273 0.45615
0.86052 -0.02907 0.50639
0.88603 0.20236 0.41377
-0.24011 -0.17765 0.95297
0.019542 -0.28142 0.95693
-0.50001 -0.17994 0.84513
-0.41948 -0.084781 0.89401
-0.4784 -0.1789 0.85919
0.13155 0.011259 0.97808
-0.2999 -0.32535 0.8963
0.29671 0.025545 0.89777
-0.51095 -0.01053 0.85898
-0.47293 -0.12732 0.87152
-0.45485 -0.26731 0.84788
0.00017078 -0.22553 0.97114
-0.30591 -0.30006 0.90238
-0.0070817 -0.33538 0.94131
-0.20269 -0.25989 0.94263
0.0016008 -0.32949 0.94389
0.93869 -0.31168 -0.14277
0.96305 -0.255 -0.081672
0.96061 -0.24101 -0.13499
0.93295 -0.28502 -0.21784
0.85264 0.0051676 -0.51862
0.8216 -0.11887 -0.55026
0.83872 0.004612 -0.53782
0.88152 -0.27682 0.3812
0.8476 -0.33468 0.41014
0.72832 0.029595 0.67091
0.88823 -0.19957 0.41336
0.91506 0.062098 0.39762
0.79496 -0.18922 -0.57191
0.8098 -0.27456 -0.51315
0.79153 -0.23226 -0.5617
0.89153 -0.25445 0.36853
0.93125 -0.20696 0.28785
0.90012 -0.19811 0.38649
0.87687 -0.27244 0.3953
0.81946 0.10508 0.52977
0.86675 -0.018325 -0.49148
0.90846 -0.36348 0.20614
0.9259 -0.37724 -0.017824
0.94124 -0.2487 -0.21691
0.926 -0.377 -0.017513
0.92597 -0.37701 -0.018694
0.952 -0.24712 -0.17211
0.94764 -0.1253 -0.26648
0.84737 -0.16394 -0.49994
0.88999 -0.31745 0.3272
0.92397 -0.25726 0.28285
0.90955 -0.30922 0.27741
0.85652 -0.32955 -0.3962
0.87172 -0.20113 -0.44549
0.84115 -0.34761 0.41399
0.86732 -0.2614 -0.42268
0.91805 0.037805 0.39454
0.88451 -0.3014 -0.35123
0.82757 -0.24014 -0.50179
0.87824 -0.12004 -0.46012
0.84536 -0.043826 -0.5277
0.87218 -0.056728 -0.48263
0.86367 -0.12917 -0.48531
0.91344 -0.28872 0.28651
0.84831 -0.30219 0.43346
0.94799 -0.17049 0.26863
0.76323 -0.16821 0.61919
0.81318 -0.22026 -0.53553
0.85408 0.00084876 -0.51787
0.86482 -0.21843 -0.44828
0.91413 -0.2585 0.31166
0.90487 -0.21053 0.36775
0.81261 -0.34081 0.47072
0.84262 -0.31443 0.43486
0.84899 -0.1825 -0.49175
0.90329 -0.29061 0.31463
0.95523 -0.26014 -0.13888
0.94495 -0.28397 -0.15754
0.90605 -0.20577 0.36879
0.8604 -0.18177 0.45095
0.90607 -0.3402 0.25084
0.87892 -0.20625 -0.41966
0.91303 -0.23888 0.32835
0.88956 -0.044279 -0.44707
0.91728 -0.31606 0.23727
0.91092 -0.09684 0.40095
0.8715 -0.052968 -0.48434
0.82222 -0.33401 0.46012
0.89262 -0.27851 0.35425
0.88045 -0.31328 0.35522
0.88104 -0.22601 0.41351
0.89441 -0.16375 0.41515
0.89989 -0.22091 0.37555
0.9218 -0.14256 -0.35364
0.91566 -0.14594 -0.36618
0.90978 -0.25895 0.32223
0.87392 -0.28306 -0.39221
0.8915 -0.21826 -0.39478
0.7472 -0.097601 0.65577
0.89455 -0.15663 -0.41568
0.87333 -0.27281 0.39842
0.72716 -0.26823 0.62941
0.91966 0.048026 0.38904
0.89758 -0.30913 0.31197
0.88323 -0.034259 0.38908
0.90199 -0.26198 0.34293
0.89025 -0.24778 0.3797
0.90666 -0.31555 0.27991
0.8892 -0.36032 0.28166
0.88049 -0.13881 -0.45008
0.90618 -0.19503 0.37447
0.83686 -0.35292 0.41825
0.83091 -0.19156 -0.51992
0.85362 -0.30635 0.421
0.85385 -0.15798 -0.49324
0.83742 -0.063127 -0.53897
0.90381 -0.31076 0.29343
0.90257 -0.2555 0.3464
0.84985 -0.20723 -0.48142
0.91702 -0.23587 0.32116
0.8294 -0.32621 0.45321
0.77332 -0.24226 0.57205
0.81311 -0.1427 0.54793
0.75647 -0.2551 0.59806
0.90522 -0.31394 0.28563
-0.19813 -0.2256 0.95167
-0.16076 -0.24949 0.95377
-0.15695 -0.18739 0.9677
0.048501 -0.27615 0.95867
-0.14062 -0.26076 0.95384
-0.034391 -0.20077 0.97782
-0.036489 -0.21572 0.97421
-0.31348 -0.17655 0.92816
0.086905 -0.28833 0.95212
-0.21022 -0.12185 0.9669
0.0042637 -0.33233 0.94274
-0.036229 -0.22766 0.97194
-0.08415 -0.34606 0.93397
-0.26447 -0.1984 0.93781
-0.47534 -0.13313 0.86639
-0.42341 -0.19573 0.88276
-0.36267 -0.23759 0.89199
-0.67281 0.15609 0.71953
-0.60051 0.18471 0.77764
-0.65393 0.018816 0.75288
-0.45454 -0.23418 0.85892
-0.59597 0.22608 0.76998
-0.66862 0.067588 0.7402
-0.14441 -0.24228 0.95907
-0.14958 -0.29571 0.94326
-0.63466 0.17137 0.75316
-0.68371 0.07002 0.72615
-0.72301 0.18486 0.66275
-0.59734 0.23254 0.76709
-0.39203 0.25115 0.88417
-0.37711 0.27347 0.88404
-0.69651 0.16111 0.69859
-0.70075 0.15505 0.69587
-0.69738 0.16258 0.69748
-0.41269 -0.012723 0.91045
-0.41918 0.03595 0.90686
-0.7245 0.15149 0.67171
-0.66805 0.055693 0.74173
-0.71433 0.14155 0.68468
-0.64058 0.22092 0.73471
-0.62672 0.22259 0.7461
-0.46422 -0.30394 0.83154
-0.45137 -0.29691 0.84099
-0.54501 0.17067 0.81843
-0.16008 -0.23575 0.95846
-0.21456 -0.26883 0.93175
-0.62136 0.10523 0.76947
-0.20137 -0.33824 0.91454
-0.63753 -0.10108 0.74834
-0.34108 -0.24274 0.90606
-0.62595 -0.22872 0.74236
-0.61101 -0.19753 0.76532
-0.35317 -0.17608 0.91766
-0.33433 -0.11058 0.93407
-0.26869 -0.12708 0.95261
-0.58607 -0.16518 0.78922
0.10726 -0.32138 0.94057
-0.18902 -0.29907 0.93431
-0.36178 -0.021566 0.93017
0.014706 -0.34412 0.93843
-0.24768 -0.11631 0.95652
0.4279 0.039324 0.77064
-0.29186 -0.077792 0.9509
-0.25389 -0.093305 0.95841
-0.20026 -0.31722 0.92645
-0.15068 -0.2423 0.95825
-0.71547 0.023263 0.69719
-0.71954 0.022719 0.69277
-0.6275 -0.30265 0.71661
-0.7848 -0.18992 0.58389
-0.68893 0.03439 0.72304
-0.67205 -0.1622 0.72135
-0.0059335 -0.30052 0.95241
-0.2682 -0.16329 0.94419
-0.39183 -0.032034 0.91861
-0.56991 0.14392 0.80402
-0.673 0.056284 0.73082
-0.68577 0.13861 0.70918
-0.75031 0.0089792 0.66032
-0.73749 0.19314 0.6463
-0.40538 0.026942 0.91361
-0.60904 0.17914 0.7723
-0.60799 0.1756 0.77379
-0.61928 0.21083 0.7541
-0.67234 0.068607 0.73668
-0.62297 0.16674 0.76061
-0.62093 0.17102 0.76301
-0.59985 -0.032648 0.79812
-0.56427 0.19213 0.79911
-0.55254 0.15941 0.81527
-0.75444 -0.13967 0.63647
-0.39876 0.058111 0.9145
-0.4016 0.030881 0.91454
-0.4584 -0.21133 0.85925
-0.754 -0.22591 0.61234
-0.34039 -0.26865 0.89989
0.12354 -0.32657 0.93691
0.8372 0.1581 0.39656
0.82057 0.058663 0.55304
0.7398 0.15572 0.54835
-0.6921 -0.23011 0.68377
-0.69426 -0.23173 0.68094
-0.65843 0.21216 0.7215
-0.0011042 -0.32797 0.94378
-0.68703 0.14696 0.71108
-0.6084 0.18455 0.77137
-0.76961 -0.18707 0.60964
-0.38843 0.27401 0.8788
-0.59832 0.2354 0.76541
-0.7138 0.15288 0.68287
-0.6422 0.17118 0.74648
-0.30997 -0.23788 0.91953
0.010713 -0.20488 0.9748
-0.67242 0.1135 0.73098
-0.60501 0.1732 0.77673
-0.38226 0.25711 0.88686
-0.71074 0.15252 0.68372
0.13159 0.028959 0.99087
0.78785 0.067967 0.56989
-0.61816 -0.14618 0.76276
-0.44813 0.0271 0.89035
-0.76312 -0.23213 0.59904
-0.61305 0.16744 0.76847
-0.60802 0.20738 0.76196
-0.68623 0.06529 0.72414
-0.72372 0.15757 0.6711
-0.7736 -0.24196 0.58432
-0.68742 -0.22947 0.68808
-0.40893 -0.013107 0.91217
-0.74553 -0.067665 0.65826
-0.68357 0.10823 0.71966
-0.52209 -0.090014 0.84711
-0.53207 -0.096102 0.84104
-0.73225 -0.032854 0.67771
-0.55558 0.21984 0.80018
-0.4115 0.028067 0.91029
-0.59192 0.21272 0.77551
-0.72334 0.18538 0.66226
-0.66094 0.10555 0.74102
-0.68415 0.11185 0.71853
-0.7336 -0.02959 0.67637
-0.59978 -0.035138 0.79806
-0.55538 0.22417 0.79909
-0.56024 0.17809 0.80749
-0.52112 -0.07954 0.84847
-0.13901 -0.28384 0.94859
-0.56129 0.17776 0.8068
-0.68666 0.14844 0.70843
-0.46738 -0.24486 0.84782
-0.15902 -0.35071 0.9227
-0.63403 0.065642 0.76891
-0.18126 -0.23319 0.95059
-0.67426 0.014624 0.73809
-0.69287 0.15322 0.70406
-0.71614 0.15642 0.67949
-0.45962 -0.31298 0.83044
-0.60079 0.16757 0.7813
-0.46965 -0.16401 0.86696
-0.39573 -0.29212 0.8692
-0.40011 0.061081 0.91403
-0.41699 0.063043 0.90636
-0.46587 -0.23715 0.85079
-0.6941 -0.2307 0.68131
-0.7012 0.16354 0.69308
0.87933 -0.33313 0.33965
-0.42062 -0.076678 0.9035
-0.56933 0.17866 0.80211
-0.72244 0.059045 0.68845
0.86675 0.23582 0.43898
-0.56511 -0.23031 0.79188
-0.62984 0.15805 0.76026
0.8774 -0.22362 0.41927
0.86994 0.10758 0.47645
0.65813 0.12095 0.74227
0.81829 0.18657 0.48944
0.81316 0.012875 0.52434
0.86062 0.24339 0.44695
0.67029 0.1142 0.73177
0.83535 0.11959 0.46743
0.82082 0.10531 0.51117
0.8159 0.063094 0.54576
0.85613 0.17481 0.42575
0.74747 0.21462 0.58427
0.57674 0.22581 0.78509
0.78895 0.22471 0.57151
0.8805 0.21857 0.41601
0.9946 0.087023 -0.036441
0.82269 0.10854 0.55165
0.81835 0.06877 0.57009
0.83161 0.065814 0.54927
0.82786 -0.031392 0.55468
0.87732 0.20696 0.42875
0.90515 -0.027223 0.41884
0.76832 0.18986 0.57716
0.87194 0.21256 0.44037
0.83372 0.06532 0.54438
0.85334 0.17373 0.49132
0.85829 -0.016839 0.46391
0.88619 -0.29271 0.35899
0.89972 -0.26423 0.34691
0.89605 -0.17001 0.40075
0.85282 0.041312 -0.50349
0.93172 -0.26043 -0.23744
0.88961 -0.18947 0.41556
0.88122 -0.33263 0.33586
-0.47929 0.014276 0.87632
-0.39432 -0.25802 0.87634
0.88557 -0.2938 0.35962
0.82517 -0.024732 0.53253
0.88164 -0.33337 0.33266
0.89858 0.1041 0.31514
0.8515 -0.36301 0.37811
0.87808 -0.32818 0.34465
0.82423 0.015063 0.55939
0.81211 0.14843 0.55776
0.87714 -0.26258 0.39987
0.89817 -0.25825 0.35175
0.88599 -0.30187 0.35123
0.88115 -0.32301 0.34412
0.88105 -0.35231 0.31529
0.90646 -0.2356 0.35012
0.86765 -0.25864 0.41865
0.6842 0.077853 0.70013
0.85509 -0.30529 0.41665
0.86768 -0.29041 0.3981
0.90354 -0.25781 0.34193
0.88786 -0.30332 0.34508
0.85372 -0.26378 0.44764
0.88014 -0.26123 0.39143
0.88429 -0.33745 0.32067
0.79541 0.074809 0.58747
0.99862 -0.018489 0.0078482
