-1.146 0.9569 0.05
-1.136 0.9569 0.05
-1.1259 0.9569 0.05
-1.1159 0.9569 0.05
-1.1059 0.9569 0.05
-1.0959 0.9569 0.05
-1.0858 0.9569 0.05
-1.0758 0.9569 0.05
-1.0658 0.9569 0.05
-1.0558 0.9569 0.05
-1.0457 0.9569 0.05
-1.0357 0.9569 0.05
-1.0257 0.9569 0.05
-1.0157 0.9569 0.05
-1.0056 0.9569 0.05
-0.99562 0.9569 0.05
-0.9856 0.9569 0.05
-0.97557 0.9569 0.05
-0.96555 0.9569 0.05
-0.95552 0.9569 0.05
-0.9455 0.9569 0.05
-0.93547 0.9569 0.05
-0.92545 0.9569 0.05
-0.91542 0.9569 0.05
-0.9054 0.9569 0.05
-0.89537 0.9569 0.05
-0.88535 0.9569 0.05
-0.87532 0.9569 0.05
-0.8653 0.9569 0.05
-0.85527 0.9569 0.05
-0.84525 0.9569 0.05
-0.83522 0.9569 0.05
-0.8252 0.9569 0.05
-0.81517 0.9569 0.05
-0.80515 0.9569 0.05
-0.79512 0.9569 0.05
-0.7851 0.9569 0.05
-0.77507 0.9569 0.05
-0.76505 0.9569 0.05
-0.75502 0.9569 0.05
-0.745 0.9569 0.05
-0.73497 0.9569 0.05
-0.72495 0.9569 0.05
-0.71492 0.9569 0.05
-0.7049 0.9569 0.05
-0.69487 0.9569 0.05
-0.68485 0.9569 0.05
-0.67482 0.9569 0.05
-0.6648 0.9569 0.05
-0.65477 0.9569 0.05
-0.64475 0.9569 0.05
-0.63472 0.9569 0.05
-0.6247 0.9569 0.05
-0.61467 0.9569 0.05
-0.60465 0.9569 0.05
-0.59462 0.9569 0.05
-0.5846 0.9569 0.05
-0.57457 0.9569 0.05
-0.56455 0.9569 0.05
-0.55452 0.9569 0.05
-0.5445 0.9569 0.05
-0.53447 0.9569 0.05
-0.52445 0.9569 0.05
-0.51442 0.9569 0.05
-0.5044 0.9569 0.05
-0.49437 0.9569 0.05
-0.48435 0.9569 0.05
-0.47432 0.9569 0.05
-0.4643 0.9569 0.05
-0.45427 0.9569 0.05
-0.44425 0.9569 0.05
-0.43422 0.9569 0.05
-0.4242 0.9569 0.05
-0.41417 0.9569 0.05
-0.40415 0.9569 0.05
-0.39412 0.9569 0.05
-0.3841 0.9569 0.05
-0.37407 0.9569 0.05
-0.36405 0.9569 0.05
-0.35402 0.9569 0.05
-0.34399 0.9569 0.05
-0.33397 0.9569 0.05
-0.32394 0.9569 0.05
-0.31392 0.9569 0.05
-0.30389 0.9569 0.05
-0.29387 0.9569 0.05
-0.28384 0.9569 0.05
-0.27382 0.9569 0.05
-0.26379 0.9569 0.05
-0.25377 0.9569 0.05
-0.24374 0.9569 0.05
-0.23372 0.9569 0.05
-0.22369 0.9569 0.05
-0.21367 0.9569 0.05
-0.20364 0.9569 0.05
-0.19362 0.9569 0.05
-0.18359 0.9569 0.05
-0.17357 0.9569 0.05
-0.16354 0.9569 0.05
-0.15352 0.9569 0.05
-0.14349 0.9569 0.05
-0.13347 0.9569 0.05
-0.12344 0.9569 0.05
-0.11342 0.9569 0.05
-0.10339 0.9569 0.05
-0.093368 0.9569 0.05
-0.083343 0.9569 0.05
-0.073318 0.9569 0.05
-0.063293 0.9569 0.05
-0.053268 0.9569 0.05
-0.043243 0.9569 0.05
-0.033218 0.9569 0.05
-0.023193 0.9569 0.05
-0.013168 0.9569 0.05
-0.0031429 0.9569 0.05
0.0068822 0.9569 0.05
0.016907 0.9569 0.05
0.026932 0.9569 0.05
0.036957 0.9569 0.05
0.046982 0.9569 0.05
0.057008 0.9569 0.05
0.067033 0.9569 0.05
0.077058 0.9569 0.05
0.087083 0.9569 0.05
0.097108 0.9569 0.05
0.10713 0.9569 0.05
0.11716 0.9569 0.05
0.12718 0.9569 0.05
0.13721 0.9569 0.05
0.14723 0.9569 0.05
0.15726 0.9569 0.05
0.16728 0.9569 0.05
0.17731 0.9569 0.05
0.18733 0.9569 0.05
0.19736 0.9569 0.05
0.20738 0.9569 0.05
0.21741 0.9569 0.05
0.22743 0.9569 0.05
0.23746 0.9569 0.05
0.24748 0.9569 0.05
0.25751 0.9569 0.05
0.26753 0.9569 0.05
0.27756 0.9569 0.05
0.28758 0.9569 0.05
0.29761 0.9569 0.05
0.30763 0.9569 0.05
0.31766 0.9569 0.05
0.32768 0.9569 0.05
0.33771 0.9569 0.05
0.34773 0.9569 0.05
0.35776 0.9569 0.05
0.36778 0.9569 0.05
0.37781 0.9569 0.05
0.38783 0.9569 0.05
0.39786 0.9569 0.05
0.40788 0.9569 0.05
0.41791 0.9569 0.05
0.42793 0.9569 0.05
0.43796 0.9569 0.05
0.44798 0.9569 0.05
0.45801 0.9569 0.05
0.46804 0.9569 0.05
0.47806 0.9569 0.05
0.48809 0.9569 0.05
0.49811 0.9569 0.05
0.50814 0.9569 0.05
0.51816 0.9569 0.05
0.52819 0.9569 0.05
0.53821 0.9569 0.05
0.54824 0.9569 0.05
0.55826 0.9569 0.05
0.56829 0.9569 0.05
0.57831 0.9569 0.05
0.58834 0.9569 0.05
0.59836 0.9569 0.05
0.60839 0.9569 0.05
0.61841 0.9569 0.05
0.62844 0.9569 0.05
0.63846 0.9569 0.05
0.64849 0.9569 0.05
0.65851 0.9569 0.05
0.66854 0.9569 0.05
0.67856 0.9569 0.05
0.68859 0.9569 0.05
0.69861 0.9569 0.05
0.70864 0.9569 0.05
0.71866 0.9569 0.05
0.72869 0.9569 0.05
0.73871 0.9569 0.05
0.74874 0.9569 0.05
0.75876 0.9569 0.05
0.76879 0.9569 0.05
0.77881 0.9569 0.05
0.78884 0.9569 0.05
0.79886 0.9569 0.05
0.80889 0.9569 0.05
0.81891 0.9569 0.05
0.82894 0.9569 0.05
0.83896 0.9569 0.05
0.84899 0.9569 0.05
0.85901 0.9569 0.05
0.86904 0.9569 0.05
0.87906 0.9569 0.05
0.88909 0.9569 0.05
0.89911 0.9569 0.05
0.90914 0.9569 0.05
0.91916 0.9569 0.05
0.92919 0.9569 0.05
0.93921 0.9569 0.05
0.94924 0.9569 0.05
0.95926 0.9569 0.05
0.96929 0.9569 0.05
0.97931 0.9569 0.05
0.98934 0.9569 0.05
0.99936 0.9569 0.05
1.0094 0.9569 0.05
1.0194 0.9569 0.05
1.0294 0.9569 0.05
1.0395 0.9569 0.05
1.0495 0.9569 0.05
1.0595 0.9569 0.05
1.0695 0.9569 0.05
1.0796 0.9569 0.05
1.0896 0.9569 0.05
1.0996 0.9569 0.05
1.1096 0.9569 0.05
1.1197 0.9569 0.05
1.1297 0.9569 0.05
1.1397 0.9569 0.05
1.1497 0.9569 0.05
1.1598 0.9569 0.05
1.1698 0.9569 0.05
1.1798 0.9569 0.05
1.1898 0.9569 0.05
1.1999 0.9569 0.05
1.2099 0.9569 0.05
1.2199 0.9569 0.05
1.2299 0.9569 0.05
1.24 0.9569 0.05
1.25 0.9569 0.05
1.26 0.9569 0.05
1.27 0.9569 0.05
1.2801 0.9569 0.05
1.2901 0.9569 0.05
1.3001 0.9569 0.05
1.3101 0.9569 0.05
1.3202 0.9569 0.05
1.3302 0.9569 0.05
1.3402 0.9569 0.05
1.3502 0.9569 0.05
1.3603 0.9569 0.05
1.3703 0.9569 0.05
1.3803 0.9569 0.05
1.3903 0.9569 0.05
1.4004 0.9569 0.05
1.4104 0.9569 0.05
1.4204 0.9569 0.05
1.4304 0.9569 0.05
1.4405 0.9569 0.05
1.4505 0.9569 0.05
1.4605 0.9569 0.05
1.4705 0.9569 0.05
1.4806 0.9569 0.05
1.4906 0.9569 0.05
1.5006 0.9569 0.05
1.5106 0.9569 0.05
1.5207 0.9569 0.05
1.5307 0.9569 0.05
1.5407 0.9569 0.05
1.5507 0.9569 0.05
1.5608 0.9569 0.05
1.5708 0.9569 0.05
1.5808 0.9569 0.05
1.5908 0.9569 0.05
1.6009 0.9569 0.05
1.6109 0.9569 0.05
1.6209 0.9569 0.05
1.6309 0.9569 0.05
1.641 0.9569 0.05
1.651 0.9569 0.05
1.661 0.9569 0.05
1.671 0.9569 0.05
1.6811 0.9569 0.05
1.6911 0.9569 0.05
1.7011 0.9569 0.05
1.7111 0.9569 0.05
1.7212 0.9569 0.05
1.7312 0.9569 0.05
1.7412 0.9569 0.05
1.7512 0.9569 0.05
1.7613 0.9569 0.05
1.7713 0.9569 0.05
1.7813 0.9569 0.05
1.7913 0.9569 0.05
1.8014 0.9569 0.05
1.8114 0.9569 0.05
1.8214 0.9569 0.05
1.8314 0.9569 0.05
1.8415 0.9569 0.05
1.8515 0.9569 0.05
1.8615 0.9569 0.05
1.8715 0.9569 0.05
1.8816 0.9569 0.05
1.8916 0.9569 0.05
1.9016 0.9569 0.05
1.9116 0.9569 0.05
1.9217 0.9569 0.05
1.9317 0.9569 0.05
1.9417 0.9569 0.05
1.9517 0.9569 0.05
1.9618 0.9569 0.05
1.9718 0.9569 0.05
1.9818 0.9569 0.05
1.9918 0.9569 0.05
2.0019 0.9569 0.05
2.0119 0.9569 0.05
2.0219 0.9569 0.05
2.0319 0.9569 0.05
2.042 0.9569 0.05
2.052 0.9569 0.05
2.062 0.9569 0.05
2.072 0.9569 0.05
2.0821 0.9569 0.05
2.0921 0.9569 0.05
2.1021 0.9569 0.05
2.1121 0.9569 0.05
2.1222 0.9569 0.05
2.1322 0.9569 0.05
2.1422 0.9569 0.05
2.1522 0.9569 0.05
2.1623 0.9569 0.05
2.1723 0.9569 0.05
2.1823 0.9569 0.05
2.1923 0.9569 0.05
2.2024 0.9569 0.05
2.2124 0.9569 0.05
2.2224 0.9569 0.05
2.2324 0.9569 0.05
2.2425 0.9569 0.05
2.2525 0.9569 0.05
2.2625 0.9569 0.05
2.2725 0.9569 0.05
2.2826 0.9569 0.05
2.2926 0.9569 0.05
2.3026 0.9569 0.05
2.3126 0.9569 0.05
2.3227 0.9569 0.05
2.3327 0.9569 0.05
2.3427 0.9569 0.05
2.3527 0.9569 0.05
2.3628 0.9569 0.05
2.3728 0.9569 0.05
2.3828 0.9569 0.05
2.3928 0.9569 0.05
2.4029 0.9569 0.05
2.4129 0.9569 0.05
2.4229 0.9569 0.05
2.4329 0.9569 0.05
2.443 0.9569 0.05
2.453 0.9569 0.05
2.463 0.9569 0.05
2.473 0.9569 0.05
2.4831 0.9569 0.05
2.4931 0.9569 0.05
2.5031 0.9569 0.05
2.5131 0.9569 0.05
2.5232 0.9569 0.05
2.5332 0.9569 0.05
2.5432 0.9569 0.05
2.5532 0.9569 0.05
2.5633 0.9569 0.05
2.5733 0.9569 0.05
2.5833 0.9569 0.05
2.5933 0.9569 0.05
2.6034 0.9569 0.05
2.6134 0.9569 0.05
2.6234 0.9569 0.05
2.6334 0.9569 0.05
2.6435 0.9569 0.05
2.6535 0.9569 0.05
2.6635 0.9569 0.05
2.6735 0.9569 0.05
2.6836 0.9569 0.05
2.6936 0.9569 0.05
2.7036 0.9569 0.05
2.7136 0.9569 0.05
2.7237 0.9569 0.05
2.7337 0.9569 0.05
2.7437 0.9569 0.05
2.7537 0.9569 0.05
2.7638 0.9569 0.05
2.7738 0.9569 0.05
2.7838 0.9569 0.05
2.7938 0.9569 0.05
2.8039 0.9569 0.05
2.8139 0.9569 0.05
2.8239 0.9569 0.05
2.8339 0.9569 0.05
2.844 0.9569 0.05
2.854 0.9569 0.05
2.854 0.9569 0.05
2.854 0.96016 0.05
2.854 0.96342 0.05
2.854 0.96667 0.05
2.854 0.96993 0.05
2.854 0.97319 0.05
2.854 0.97645 0.05
2.854 0.97971 0.05
2.854 0.98297 0.05
2.854 0.98622 0.05
2.854 0.98948 0.05
2.854 0.99274 0.05
2.854 0.996 0.05
2.854 0.99926 0.05
2.854 1.0025 0.05
2.854 1.0058 0.05
2.854 1.009 0.05
2.854 1.0123 0.05
2.854 1.0155 0.05
2.854 1.0188 0.05
2.854 1.0221 0.05
2.854 1.0253 0.05
2.854 1.0286 0.05
2.854 1.0318 0.05
2.854 1.0351 0.05
2.854 1.0384 0.05
2.854 1.0416 0.05
2.854 1.0449 0.05
2.854 1.0481 0.05
2.854 1.0514 0.05
2.854 1.0546 0.05
2.854 1.0579 0.05
2.854 1.0612 0.05
2.854 1.0644 0.05
2.854 1.0677 0.05
2.854 1.0709 0.05
2.854 1.0742 0.05
2.854 1.0775 0.05
2.854 1.0807 0.05
2.854 1.084 0.05
2.854 1.0872 0.05
2.854 1.0905 0.05
2.854 1.0937 0.05
2.854 1.097 0.05
2.854 1.1003 0.05
2.854 1.1035 0.05
2.854 1.1068 0.05
2.854 1.11 0.05
2.854 1.1133 0.05
2.854 1.1165 0.05
2.854 1.1198 0.05
2.854 1.1231 0.05
2.854 1.1263 0.05
2.854 1.1296 0.05
2.854 1.1328 0.05
2.854 1.1361 0.05
2.854 1.1394 0.05
2.854 1.1426 0.05
2.854 1.1459 0.05
2.854 1.1491 0.05
2.854 1.1524 0.05
2.854 1.1556 0.05
2.854 1.1589 0.05
2.854 1.1622 0.05
2.854 1.1654 0.05
2.854 1.1687 0.05
2.854 1.1719 0.05
2.854 1.1752 0.05
2.854 1.1785 0.05
2.854 1.1817 0.05
2.854 1.185 0.05
2.854 1.1882 0.05
2.854 1.1915 0.05
2.854 1.1947 0.05
2.854 1.198 0.05
2.854 1.2013 0.05
2.854 1.2045 0.05
2.854 1.2078 0.05
2.854 1.211 0.05
2.854 1.2143 0.05
2.854 1.2176 0.05
2.854 1.2208 0.05
2.854 1.2241 0.05
2.854 1.2273 0.05
2.854 1.2306 0.05
2.854 1.2338 0.05
2.854 1.2371 0.05
2.854 1.2404 0.05
2.854 1.2436 0.05
2.854 1.2469 0.05
2.854 1.2501 0.05
2.854 1.2534 0.05
2.854 1.2566 0.05
2.854 1.2599 0.05
2.854 1.2632 0.05
2.854 1.2664 0.05
2.854 1.2697 0.05
2.854 1.2729 0.05
2.854 1.2762 0.05
2.854 1.2795 0.05
2.854 1.2827 0.05
2.854 1.286 0.05
2.854 1.2892 0.05
2.854 1.2925 0.05
2.854 1.2957 0.05
2.854 1.299 0.05
2.854 1.3023 0.05
2.854 1.3055 0.05
2.854 1.3088 0.05
2.854 1.312 0.05
2.854 1.3153 0.05
2.854 1.3186 0.05
2.854 1.3218 0.05
2.854 1.3251 0.05
2.854 1.3283 0.05
2.854 1.3316 0.05
2.854 1.3348 0.05
2.854 1.3381 0.05
2.854 1.3414 0.05
2.854 1.3446 0.05
2.854 1.3479 0.05
2.854 1.3511 0.05
2.854 1.3544 0.05
2.854 1.3577 0.05
2.854 1.3609 0.05
2.854 1.3642 0.05
2.854 1.3674 0.05
2.854 1.3707 0.05
2.854 1.3739 0.05
2.854 1.3772 0.05
2.854 1.3805 0.05
2.854 1.3837 0.05
2.854 1.387 0.05
2.854 1.3902 0.05
2.854 1.3935 0.05
2.854 1.3967 0.05
2.854 1.4 0.05
2.854 1.4033 0.05
2.854 1.4065 0.05
2.854 1.4098 0.05
2.854 1.413 0.05
2.854 1.4163 0.05
2.854 1.4196 0.05
2.854 1.4228 0.05
2.854 1.4261 0.05
2.854 1.4293 0.05
2.854 1.4326 0.05
2.854 1.4358 0.05
2.854 1.4391 0.05
2.854 1.4424 0.05
2.854 1.4456 0.05
2.854 1.4489 0.05
2.854 1.4521 0.05
2.854 1.4554 0.05
2.854 1.4587 0.05
2.854 1.4619 0.05
2.854 1.4652 0.05
2.854 1.4684 0.05
2.854 1.4717 0.05
2.854 1.4749 0.05
2.854 1.4782 0.05
2.854 1.4815 0.05
2.854 1.4847 0.05
2.854 1.488 0.05
2.854 1.4912 0.05
2.854 1.4945 0.05
2.854 1.4978 0.05
2.854 1.501 0.05
2.854 1.5043 0.05
2.854 1.5075 0.05
2.854 1.5108 0.05
2.854 1.514 0.05
2.854 1.5173 0.05
2.854 1.5206 0.05
2.854 1.5238 0.05
2.854 1.5271 0.05
2.854 1.5303 0.05
2.854 1.5336 0.05
2.854 1.5368 0.05
2.854 1.5401 0.05
2.854 1.5434 0.05
2.854 1.5466 0.05
2.854 1.5499 0.05
2.854 1.5531 0.05
2.854 1.5564 0.05
2.854 1.5597 0.05
2.854 1.5629 0.05
2.854 1.5662 0.05
2.854 1.5694 0.05
2.854 1.5727 0.05
2.854 1.5759 0.05
2.854 1.5792 0.05
2.854 1.5825 0.05
2.854 1.5857 0.05
2.854 1.589 0.05
2.854 1.5922 0.05
2.854 1.5955 0.05
2.854 1.5988 0.05
2.854 1.602 0.05
2.854 1.6053 0.05
2.854 1.6085 0.05
2.854 1.6118 0.05
2.854 1.615 0.05
2.854 1.6183 0.05
2.854 1.6216 0.05
2.854 1.6248 0.05
2.854 1.6281 0.05
2.854 1.6313 0.05
2.854 1.6346 0.05
2.854 1.6379 0.05
2.854 1.6411 0.05
2.854 1.6444 0.05
2.854 1.6476 0.05
2.854 1.6509 0.05
2.854 1.6541 0.05
2.854 1.6574 0.05
2.854 1.6607 0.05
2.854 1.6639 0.05
2.854 1.6672 0.05
2.854 1.6704 0.05
2.854 1.6737 0.05
2.854 1.677 0.05
2.854 1.6802 0.05
2.854 1.6835 0.05
2.854 1.6867 0.05
2.854 1.69 0.05
2.854 1.6932 0.05
2.854 1.6965 0.05
2.854 1.6998 0.05
2.854 1.703 0.05
2.854 1.7063 0.05
2.854 1.7095 0.05
2.854 1.7128 0.05
2.854 1.716 0.05
2.854 1.7193 0.05
2.854 1.7226 0.05
2.854 1.7258 0.05
2.854 1.7291 0.05
2.854 1.7323 0.05
2.854 1.7356 0.05
2.854 1.7389 0.05
2.854 1.7421 0.05
2.854 1.7454 0.05
2.854 1.7486 0.05
2.854 1.7519 0.05
2.854 1.7551 0.05
2.854 1.7584 0.05
2.854 1.7617 0.05
2.854 1.7649 0.05
2.854 1.7682 0.05
2.854 1.7714 0.05
2.854 1.7747 0.05
2.854 1.778 0.05
2.854 1.7812 0.05
2.854 1.7845 0.05
2.854 1.7877 0.05
2.854 1.791 0.05
2.854 1.7942 0.05
2.854 1.7975 0.05
2.854 1.8008 0.05
2.854 1.804 0.05
2.854 1.8073 0.05
2.854 1.8105 0.05
2.854 1.8138 0.05
2.854 1.8171 0.05
2.854 1.8203 0.05
2.854 1.8236 0.05
2.854 1.8268 0.05
2.854 1.8301 0.05
2.854 1.8333 0.05
2.854 1.8366 0.05
2.854 1.8399 0.05
2.854 1.8431 0.05
2.854 1.8464 0.05
2.854 1.8496 0.05
2.854 1.8529 0.05
2.854 1.8561 0.05
2.854 1.8594 0.05
2.854 1.8627 0.05
2.854 1.8659 0.05
2.854 1.8692 0.05
2.854 1.8724 0.05
2.854 1.8757 0.05
2.854 1.879 0.05
2.854 1.8822 0.05
2.854 1.8855 0.05
2.854 1.8887 0.05
2.854 1.892 0.05
2.854 1.8952 0.05
2.854 1.8985 0.05
2.854 1.9018 0.05
2.854 1.905 0.05
2.854 1.9083 0.05
2.854 1.9115 0.05
2.854 1.9148 0.05
2.854 1.9181 0.05
2.854 1.9213 0.05
2.854 1.9246 0.05
2.854 1.9278 0.05
2.854 1.9311 0.05
2.854 1.9343 0.05
2.854 1.9376 0.05
2.854 1.9409 0.05
2.854 1.9441 0.05
2.854 1.9474 0.05
2.854 1.9506 0.05
2.854 1.9539 0.05
2.854 1.9572 0.05
2.854 1.9604 0.05
2.854 1.9637 0.05
2.854 1.9669 0.05
2.854 1.9702 0.05
2.854 1.9734 0.05
2.854 1.9767 0.05
2.854 1.98 0.05
2.854 1.9832 0.05
2.854 1.9865 0.05
2.854 1.9897 0.05
2.854 1.993 0.05
2.854 1.9962 0.05
2.854 1.9995 0.05
2.854 2.0028 0.05
2.854 2.006 0.05
2.854 2.0093 0.05
2.854 2.0125 0.05
2.854 2.0158 0.05
2.854 2.0191 0.05
2.854 2.0223 0.05
2.854 2.0256 0.05
2.854 2.0288 0.05
2.854 2.0321 0.05
2.854 2.0353 0.05
2.854 2.0386 0.05
2.854 2.0419 0.05
2.854 2.0451 0.05
2.854 2.0484 0.05
2.854 2.0516 0.05
2.854 2.0549 0.05
2.854 2.0582 0.05
2.854 2.0614 0.05
2.854 2.0647 0.05
2.854 2.0679 0.05
2.854 2.0712 0.05
2.854 2.0744 0.05
2.854 2.0777 0.05
2.854 2.081 0.05
2.854 2.0842 0.05
2.854 2.0875 0.05
2.854 2.0907 0.05
2.854 2.094 0.05
2.854 2.0973 0.05
2.854 2.1005 0.05
2.854 2.1038 0.05
2.854 2.107 0.05
2.854 2.1103 0.05
2.854 2.1135 0.05
2.854 2.1168 0.05
2.854 2.1201 0.05
2.854 2.1233 0.05
2.854 2.1266 0.05
2.854 2.1298 0.05
2.854 2.1331 0.05
2.854 2.1363 0.05
2.854 2.1396 0.05
2.854 2.1429 0.05
2.854 2.1461 0.05
2.854 2.1494 0.05
2.854 2.1526 0.05
2.854 2.1559 0.05
2.854 2.1592 0.05
2.854 2.1624 0.05
2.854 2.1657 0.05
2.854 2.1689 0.05
2.854 2.1722 0.05
2.854 2.1754 0.05
2.854 2.1787 0.05
2.854 2.182 0.05
2.854 2.1852 0.05
2.854 2.1885 0.05
2.854 2.1917 0.05
2.854 2.195 0.05
2.854 2.1983 0.05
2.854 2.2015 0.05
2.854 2.2048 0.05
2.854 2.208 0.05
2.854 2.2113 0.05
2.854 2.2145 0.05
2.854 2.2178 0.05
2.854 2.2211 0.05
2.854 2.2243 0.05
2.854 2.2276 0.05
2.854 2.2308 0.05
2.854 2.2341 0.05
2.854 2.2374 0.05
2.854 2.2406 0.05
2.854 2.2439 0.05
2.854 2.2471 0.05
2.854 2.2504 0.05
2.854 2.2536 0.05
2.854 2.2569 0.05
4.384 1.1219 0.05
4.384 1.1247 0.05
4.384 1.1276 0.05
4.384 1.1304 0.05
4.384 1.1333 0.05
4.384 1.1361 0.05
4.384 1.139 0.05
4.384 1.1418 0.05
4.384 1.1447 0.05
4.384 1.1475 0.05
4.384 1.1503 0.05
4.384 1.1532 0.05
4.384 1.156 0.05
4.384 1.1589 0.05
4.384 1.1617 0.05
4.384 1.1646 0.05
4.384 1.1674 0.05
4.384 1.1703 0.05
4.384 1.1731 0.05
4.384 1.1759 0.05
4.384 1.1788 0.05
4.384 1.1816 0.05
4.384 1.1845 0.05
4.384 1.1873 0.05
4.384 1.1902 0.05
4.384 1.193 0.05
4.384 1.1959 0.05
4.384 1.1987 0.05
4.384 1.2015 0.05
4.384 1.2044 0.05
4.384 1.2072 0.05
4.384 1.2101 0.05
4.384 1.2129 0.05
4.384 1.2158 0.05
4.384 1.2186 0.05
4.384 1.2215 0.05
4.384 1.2243 0.05
4.384 1.2272 0.05
4.384 1.23 0.05
4.384 1.2328 0.05
4.384 1.2357 0.05
4.384 1.2385 0.05
4.384 1.2414 0.05
4.384 1.2442 0.05
4.384 1.2471 0.05
4.384 1.2499 0.05
4.384 1.2528 0.05
4.384 1.2556 0.05
4.384 1.2584 0.05
4.384 1.2613 0.05
4.384 1.2641 0.05
4.384 1.267 0.05
4.384 1.2698 0.05
4.384 1.2727 0.05
4.384 1.2755 0.05
4.384 1.2784 0.05
4.384 1.2812 0.05
4.384 1.284 0.05
4.384 1.2869 0.05
4.384 1.2897 0.05
4.384 1.2926 0.05
4.384 1.2954 0.05
4.384 1.2983 0.05
4.384 1.3011 0.05
4.384 1.304 0.05
4.384 1.3068 0.05
4.384 1.3096 0.05
4.384 1.3125 0.05
4.384 1.3153 0.05
4.384 1.3182 0.05
4.384 1.321 0.05
4.384 1.3239 0.05
4.384 1.3267 0.05
4.384 1.3296 0.05
4.384 1.3324 0.05
4.384 1.3352 0.05
4.384 1.3381 0.05
4.384 1.3409 0.05
4.384 1.3438 0.05
4.384 1.3466 0.05
4.384 1.3495 0.05
4.384 1.3523 0.05
4.384 1.3552 0.05
4.384 1.358 0.05
4.384 1.3608 0.05
4.384 1.3637 0.05
4.384 1.3665 0.05
4.384 1.3694 0.05
4.384 1.3722 0.05
4.384 1.3751 0.05
4.384 1.3779 0.05
4.384 1.3808 0.05
4.384 1.3836 0.05
4.384 1.3864 0.05
4.384 1.3893 0.05
4.384 1.3921 0.05
4.384 1.395 0.05
4.384 1.3978 0.05
4.384 1.4007 0.05
4.384 1.4035 0.05
4.384 1.4064 0.05
4.384 1.4092 0.05
4.384 1.4121 0.05
4.384 1.4149 0.05
4.384 1.4177 0.05
4.384 1.4206 0.05
4.384 1.4234 0.05
4.384 1.4263 0.05
4.384 1.4291 0.05
4.384 1.432 0.05
4.384 1.4348 0.05
4.384 1.4377 0.05
4.384 1.4405 0.05
4.384 1.4433 0.05
4.384 1.4462 0.05
4.384 1.449 0.05
4.384 1.4519 0.05
4.384 1.4547 0.05
4.384 1.4576 0.05
4.384 1.4604 0.05
4.384 1.4633 0.05
4.384 1.4661 0.05
4.384 1.4689 0.05
4.384 1.4718 0.05
4.384 1.4746 0.05
4.384 1.4775 0.05
4.384 1.4803 0.05
4.384 1.4832 0.05
4.384 1.486 0.05
4.384 1.4889 0.05
4.384 1.4917 0.05
4.384 1.4945 0.05
4.384 1.4974 0.05
4.384 1.5002 0.05
4.384 1.5031 0.05
4.384 1.5059 0.05
4.384 1.5088 0.05
4.384 1.5116 0.05
4.384 1.5145 0.05
4.384 1.5173 0.05
4.384 1.5201 0.05
4.384 1.523 0.05
4.384 1.5258 0.05
4.384 1.5287 0.05
4.384 1.5315 0.05
4.384 1.5344 0.05
4.384 1.5372 0.05
4.384 1.5401 0.05
4.384 1.5429 0.05
4.384 1.5457 0.05
4.384 1.5486 0.05
4.384 1.5514 0.05
4.384 1.5543 0.05
4.384 1.5571 0.05
4.384 1.56 0.05
4.384 1.5628 0.05
4.384 1.5657 0.05
4.384 1.5685 0.05
4.384 1.5713 0.05
4.384 1.5742 0.05
4.384 1.577 0.05
4.384 1.5799 0.05
4.384 1.5827 0.05
4.384 1.5856 0.05
4.384 1.5884 0.05
4.384 1.5913 0.05
4.384 1.5941 0.05
4.384 1.597 0.05
4.384 1.5998 0.05
4.384 1.6026 0.05
4.384 1.6055 0.05
4.384 1.6083 0.05
4.384 1.6112 0.05
4.384 1.614 0.05
4.384 1.6169 0.05
4.384 1.6197 0.05
4.384 1.6226 0.05
4.384 1.6254 0.05
4.384 1.6282 0.05
4.384 1.6311 0.05
4.384 1.6339 0.05
4.384 1.6368 0.05
4.384 1.6396 0.05
4.384 1.6425 0.05
4.384 1.6453 0.05
4.384 1.6482 0.05
4.384 1.651 0.05
4.384 1.6538 0.05
4.384 1.6567 0.05
4.384 1.6595 0.05
4.384 1.6624 0.05
4.384 1.6652 0.05
4.384 1.6681 0.05
4.384 1.6709 0.05
4.384 1.6738 0.05
4.384 1.6766 0.05
4.384 1.6794 0.05
4.384 1.6823 0.05
4.384 1.6851 0.05
4.384 1.688 0.05
4.384 1.6908 0.05
4.384 1.6937 0.05
4.384 1.6965 0.05
4.384 1.6994 0.05
4.384 1.7022 0.05
4.384 1.705 0.05
4.384 1.7079 0.05
4.384 1.7107 0.05
4.384 1.7136 0.05
4.384 1.7164 0.05
4.384 1.7193 0.05
4.384 1.7221 0.05
4.384 1.725 0.05
4.384 1.7278 0.05
4.384 1.7306 0.05
4.384 1.7335 0.05
4.384 1.7363 0.05
4.384 1.7392 0.05
4.384 1.742 0.05
4.384 1.7449 0.05
4.384 1.7477 0.05
4.384 1.7506 0.05
4.384 1.7534 0.05
4.384 1.7562 0.05
4.384 1.7591 0.05
4.384 1.7619 0.05
4.384 1.7648 0.05
4.384 1.7676 0.05
4.384 1.7705 0.05
4.384 1.7733 0.05
4.384 1.7762 0.05
4.384 1.779 0.05
4.384 1.7818 0.05
4.384 1.7847 0.05
4.384 1.7875 0.05
4.384 1.7904 0.05
4.384 1.7932 0.05
4.384 1.7961 0.05
4.384 1.7989 0.05
4.384 1.8018 0.05
4.384 1.8046 0.05
4.384 1.8075 0.05
4.384 1.8103 0.05
4.384 1.8131 0.05
4.384 1.816 0.05
4.384 1.8188 0.05
4.384 1.8217 0.05
4.384 1.8245 0.05
4.384 1.8274 0.05
4.384 1.8302 0.05
4.384 1.8331 0.05
4.384 1.8359 0.05
4.384 1.8387 0.05
4.384 1.8416 0.05
4.384 1.8444 0.05
4.384 1.8473 0.05
4.384 1.8501 0.05
4.384 1.853 0.05
4.384 1.8558 0.05
4.384 1.8587 0.05
4.384 1.8615 0.05
4.384 1.8643 0.05
4.384 1.8672 0.05
4.384 1.87 0.05
4.384 1.8729 0.05
4.384 1.8757 0.05
4.384 1.8786 0.05
4.384 1.8814 0.05
4.384 1.8843 0.05
4.384 1.8871 0.05
4.384 1.8899 0.05
4.384 1.8928 0.05
4.384 1.8956 0.05
4.384 1.8985 0.05
4.384 1.9013 0.05
4.384 1.9042 0.05
4.384 1.907 0.05
4.384 1.9099 0.05
4.384 1.9127 0.05
4.384 1.9155 0.05
4.384 1.9184 0.05
4.384 1.9212 0.05
4.384 1.9241 0.05
4.384 1.9269 0.05
4.384 1.9298 0.05
4.384 1.9326 0.05
4.384 1.9355 0.05
4.384 1.9383 0.05
4.384 1.9411 0.05
4.384 1.944 0.05
4.384 1.9468 0.05
4.384 1.9497 0.05
4.384 1.9525 0.05
4.384 1.9554 0.05
4.384 1.9582 0.05
4.384 1.9611 0.05
4.384 1.9639 0.05
4.384 1.9667 0.05
4.384 1.9696 0.05
4.384 1.9724 0.05
4.384 1.9753 0.05
4.384 1.9781 0.05
4.384 1.981 0.05
4.384 1.9838 0.05
4.384 1.9867 0.05
4.384 1.9895 0.05
4.384 1.9924 0.05
4.384 1.9952 0.05
4.384 1.998 0.05
4.384 2.0009 0.05
4.384 2.0037 0.05
4.384 2.0066 0.05
4.384 2.0094 0.05
4.384 2.0123 0.05
4.384 2.0151 0.05
4.384 2.018 0.05
4.384 2.0208 0.05
4.384 2.0236 0.05
4.384 2.0265 0.05
4.384 2.0293 0.05
4.384 2.0322 0.05
4.384 2.035 0.05
4.384 2.0379 0.05
4.384 2.0407 0.05
4.384 2.0436 0.05
4.384 2.0464 0.05
4.384 2.0492 0.05
4.384 2.0521 0.05
4.384 2.0549 0.05
4.384 2.0578 0.05
4.384 2.0606 0.05
4.384 2.0635 0.05
4.384 2.0663 0.05
4.384 2.0692 0.05
4.384 2.072 0.05
4.384 2.0748 0.05
4.384 2.0777 0.05
4.384 2.0805 0.05
4.384 2.0834 0.05
4.384 2.0862 0.05
4.384 2.0891 0.05
4.384 2.0919 0.05
4.384 2.0948 0.05
4.384 2.0976 0.05
4.384 2.1004 0.05
4.384 2.1033 0.05
4.384 2.1061 0.05
4.384 2.109 0.05
4.384 2.1118 0.05
4.384 2.1147 0.05
4.384 2.1175 0.05
4.384 2.1204 0.05
4.384 2.1232 0.05
4.384 2.126 0.05
4.384 2.1289 0.05
4.384 2.1317 0.05
4.384 2.1346 0.05
4.384 2.1374 0.05
4.384 2.1403 0.05
4.384 2.1431 0.05
4.384 2.146 0.05
4.384 2.1488 0.05
4.384 2.1516 0.05
4.384 2.1545 0.05
4.384 2.1573 0.05
4.384 2.1602 0.05
4.384 2.163 0.05
4.384 2.1659 0.05
4.384 2.1687 0.05
4.384 2.1716 0.05
4.384 2.1744 0.05
4.384 2.1773 0.05
4.384 2.1801 0.05
4.384 2.1829 0.05
4.384 2.1858 0.05
4.384 2.1886 0.05
4.384 2.1915 0.05
4.384 2.1943 0.05
4.384 2.1972 0.05
4.384 2.2 0.05
4.384 2.2029 0.05
4.384 2.2057 0.05
4.384 2.2085 0.05
4.384 2.2114 0.05
4.384 2.2142 0.05
4.384 2.2171 0.05
4.384 2.2199 0.05
4.384 2.2228 0.05
4.384 2.2256 0.05
4.384 2.2285 0.05
4.384 2.2313 0.05
4.384 2.2341 0.05
4.384 2.237 0.05
4.384 2.2398 0.05
4.384 2.2427 0.05
4.384 2.2455 0.05
4.384 2.2484 0.05
4.384 2.2512 0.05
4.384 2.2541 0.05
4.384 2.2569 0.05
-1.146 -0.5331 0.05
-1.1317 -0.5331 0.05
-1.1175 -0.5331 0.05
-1.1032 -0.5331 0.05
-1.089 -0.5331 0.05
-1.0747 -0.5331 0.05
-1.0604 -0.5331 0.05
-1.0462 -0.5331 0.05
-1.0319 -0.5331 0.05
-1.0177 -0.5331 0.05
-1.0034 -0.5331 0.05
-0.98913 -0.5331 0.05
-0.97487 -0.5331 0.05
-0.96061 -0.5331 0.05
-0.94635 -0.5331 0.05
-0.93209 -0.5331 0.05
-0.91783 -0.5331 0.05
-0.90357 -0.5331 0.05
-0.88931 -0.5331 0.05
-0.87505 -0.5331 0.05
-0.86079 -0.5331 0.05
-0.84653 -0.5331 0.05
-0.83227 -0.5331 0.05
-0.81801 -0.5331 0.05
-0.80374 -0.5331 0.05
-0.78948 -0.5331 0.05
-0.77522 -0.5331 0.05
-0.76096 -0.5331 0.05
-0.7467 -0.5331 0.05
-0.73244 -0.5331 0.05
-0.71818 -0.5331 0.05
-0.70392 -0.5331 0.05
-0.68966 -0.5331 0.05
-0.6754 -0.5331 0.05
-0.66114 -0.5331 0.05
-0.64688 -0.5331 0.05
-0.63262 -0.5331 0.05
-0.61836 -0.5331 0.05
-0.6041 -0.5331 0.05
-0.58983 -0.5331 0.05
-0.57557 -0.5331 0.05
-0.56131 -0.5331 0.05
-0.54705 -0.5331 0.05
-0.53279 -0.5331 0.05
-0.51853 -0.5331 0.05
-0.50427 -0.5331 0.05
-0.49001 -0.5331 0.05
-0.47575 -0.5331 0.05
-0.46149 -0.5331 0.05
-0.44723 -0.5331 0.05
-0.43297 -0.5331 0.05
-0.41871 -0.5331 0.05
-0.40445 -0.5331 0.05
-0.39019 -0.5331 0.05
-0.37592 -0.5331 0.05
-0.36166 -0.5331 0.05
-0.3474 -0.5331 0.05
-0.33314 -0.5331 0.05
-0.31888 -0.5331 0.05
-0.30462 -0.5331 0.05
-0.29036 -0.5331 0.05
-0.2761 -0.5331 0.05
-0.26184 -0.5331 0.05
-0.24758 -0.5331 0.05
-0.23332 -0.5331 0.05
-0.21906 -0.5331 0.05
-0.2048 -0.5331 0.05
-0.19054 -0.5331 0.05
-0.17628 -0.5331 0.05
-0.16202 -0.5331 0.05
-0.14775 -0.5331 0.05
-0.13349 -0.5331 0.05
-0.11923 -0.5331 0.05
-0.10497 -0.5331 0.05
-0.090712 -0.5331 0.05
-0.076451 -0.5331 0.05
-0.06219 -0.5331 0.05
-0.04793 -0.5331 0.05
-0.033669 -0.5331 0.05
-0.019409 -0.5331 0.05
-0.0051479 -0.5331 0.05
0.0091128 -0.5331 0.05
0.023373 -0.5331 0.05
0.037634 -0.5331 0.05
0.051895 -0.5331 0.05
0.066155 -0.5331 0.05
0.080416 -0.5331 0.05
0.094677 -0.5331 0.05
0.10894 -0.5331 0.05
0.1232 -0.5331 0.05
0.13746 -0.5331 0.05
0.15172 -0.5331 0.05
0.16598 -0.5331 0.05
0.18024 -0.5331 0.05
0.1945 -0.5331 0.05
0.20876 -0.5331 0.05
0.22302 -0.5331 0.05
0.23728 -0.5331 0.05
0.25154 -0.5331 0.05
0.2658 -0.5331 0.05
0.28007 -0.5331 0.05
0.29433 -0.5331 0.05
0.30859 -0.5331 0.05
0.32285 -0.5331 0.05
0.33711 -0.5331 0.05
0.35137 -0.5331 0.05
0.36563 -0.5331 0.05
0.37989 -0.5331 0.05
0.39415 -0.5331 0.05
0.40841 -0.5331 0.05
0.42267 -0.5331 0.05
0.43693 -0.5331 0.05
0.45119 -0.5331 0.05
0.46545 -0.5331 0.05
0.47971 -0.5331 0.05
0.49397 -0.5331 0.05
0.50824 -0.5331 0.05
0.5225 -0.5331 0.05
0.53676 -0.5331 0.05
0.55102 -0.5331 0.05
0.56528 -0.5331 0.05
0.57954 -0.5331 0.05
0.5938 -0.5331 0.05
0.60806 -0.5331 0.05
0.62232 -0.5331 0.05
0.63658 -0.5331 0.05
0.65084 -0.5331 0.05
0.6651 -0.5331 0.05
0.67936 -0.5331 0.05
0.69362 -0.5331 0.05
0.70788 -0.5331 0.05
0.72215 -0.5331 0.05
0.73641 -0.5331 0.05
0.75067 -0.5331 0.05
0.76493 -0.5331 0.05
0.77919 -0.5331 0.05
0.79345 -0.5331 0.05
0.80771 -0.5331 0.05
0.82197 -0.5331 0.05
0.83623 -0.5331 0.05
0.85049 -0.5331 0.05
0.86475 -0.5331 0.05
0.87901 -0.5331 0.05
0.89327 -0.5331 0.05
0.90753 -0.5331 0.05
0.92179 -0.5331 0.05
0.93606 -0.5331 0.05
0.95032 -0.5331 0.05
0.96458 -0.5331 0.05
0.97884 -0.5331 0.05
0.9931 -0.5331 0.05
1.0074 -0.5331 0.05
1.0216 -0.5331 0.05
1.0359 -0.5331 0.05
1.0501 -0.5331 0.05
1.0644 -0.5331 0.05
1.0787 -0.5331 0.05
1.0929 -0.5331 0.05
1.1072 -0.5331 0.05
1.1214 -0.5331 0.05
1.1357 -0.5331 0.05
1.15 -0.5331 0.05
1.1642 -0.5331 0.05
1.1785 -0.5331 0.05
1.1927 -0.5331 0.05
1.207 -0.5331 0.05
1.2213 -0.5331 0.05
1.2355 -0.5331 0.05
1.2498 -0.5331 0.05
1.2641 -0.5331 0.05
1.2783 -0.5331 0.05
1.2926 -0.5331 0.05
1.3068 -0.5331 0.05
1.3211 -0.5331 0.05
1.3354 -0.5331 0.05
1.3496 -0.5331 0.05
1.3639 -0.5331 0.05
1.3781 -0.5331 0.05
1.3924 -0.5331 0.05
1.4067 -0.5331 0.05
1.4209 -0.5331 0.05
1.4352 -0.5331 0.05
1.4494 -0.5331 0.05
1.4637 -0.5331 0.05
1.478 -0.5331 0.05
1.4922 -0.5331 0.05
1.5065 -0.5331 0.05
1.5207 -0.5331 0.05
1.535 -0.5331 0.05
1.5493 -0.5331 0.05
1.5635 -0.5331 0.05
1.5778 -0.5331 0.05
1.592 -0.5331 0.05
1.6063 -0.5331 0.05
1.6206 -0.5331 0.05
1.6348 -0.5331 0.05
1.6491 -0.5331 0.05
1.6633 -0.5331 0.05
1.6776 -0.5331 0.05
1.6919 -0.5331 0.05
1.7061 -0.5331 0.05
1.7204 -0.5331 0.05
1.7347 -0.5331 0.05
1.7489 -0.5331 0.05
1.7632 -0.5331 0.05
1.7774 -0.5331 0.05
1.7917 -0.5331 0.05
1.806 -0.5331 0.05
1.8202 -0.5331 0.05
1.8345 -0.5331 0.05
1.8487 -0.5331 0.05
1.863 -0.5331 0.05
1.8773 -0.5331 0.05
1.8915 -0.5331 0.05
1.9058 -0.5331 0.05
1.92 -0.5331 0.05
1.9343 -0.5331 0.05
1.9486 -0.5331 0.05
1.9628 -0.5331 0.05
1.9771 -0.5331 0.05
1.9913 -0.5331 0.05
2.0056 -0.5331 0.05
2.0199 -0.5331 0.05
2.0341 -0.5331 0.05
2.0484 -0.5331 0.05
2.0626 -0.5331 0.05
2.0769 -0.5331 0.05
2.0912 -0.5331 0.05
2.1054 -0.5331 0.05
2.1197 -0.5331 0.05
2.1339 -0.5331 0.05
2.1482 -0.5331 0.05
2.1625 -0.5331 0.05
2.1767 -0.5331 0.05
2.191 -0.5331 0.05
2.2053 -0.5331 0.05
2.2195 -0.5331 0.05
2.2338 -0.5331 0.05
2.248 -0.5331 0.05
2.2623 -0.5331 0.05
2.2766 -0.5331 0.05
2.2908 -0.5331 0.05
2.3051 -0.5331 0.05
2.3193 -0.5331 0.05
2.3336 -0.5331 0.05
2.3479 -0.5331 0.05
2.3621 -0.5331 0.05
2.3764 -0.5331 0.05
2.3906 -0.5331 0.05
2.4049 -0.5331 0.05
2.4192 -0.5331 0.05
2.4334 -0.5331 0.05
2.4477 -0.5331 0.05
2.4619 -0.5331 0.05
2.4762 -0.5331 0.05
2.4905 -0.5331 0.05
2.5047 -0.5331 0.05
2.519 -0.5331 0.05
2.5332 -0.5331 0.05
2.5475 -0.5331 0.05
2.5618 -0.5331 0.05
2.576 -0.5331 0.05
2.5903 -0.5331 0.05
2.6046 -0.5331 0.05
2.6188 -0.5331 0.05
2.6331 -0.5331 0.05
2.6473 -0.5331 0.05
2.6616 -0.5331 0.05
2.6759 -0.5331 0.05
2.6901 -0.5331 0.05
2.7044 -0.5331 0.05
2.7186 -0.5331 0.05
2.7329 -0.5331 0.05
2.7472 -0.5331 0.05
2.7614 -0.5331 0.05
2.7757 -0.5331 0.05
2.7899 -0.5331 0.05
2.8042 -0.5331 0.05
2.8185 -0.5331 0.05
2.8327 -0.5331 0.05
2.847 -0.5331 0.05
2.8612 -0.5331 0.05
2.8755 -0.5331 0.05
2.8898 -0.5331 0.05
2.904 -0.5331 0.05
2.9183 -0.5331 0.05
2.9325 -0.5331 0.05
2.9468 -0.5331 0.05
2.9611 -0.5331 0.05
2.9753 -0.5331 0.05
2.9896 -0.5331 0.05
3.0038 -0.5331 0.05
3.0181 -0.5331 0.05
3.0324 -0.5331 0.05
3.0466 -0.5331 0.05
3.0609 -0.5331 0.05
3.0752 -0.5331 0.05
3.0894 -0.5331 0.05
3.1037 -0.5331 0.05
3.1179 -0.5331 0.05
3.1322 -0.5331 0.05
3.1465 -0.5331 0.05
3.1607 -0.5331 0.05
3.175 -0.5331 0.05
3.1892 -0.5331 0.05
3.2035 -0.5331 0.05
3.2178 -0.5331 0.05
3.232 -0.5331 0.05
3.2463 -0.5331 0.05
3.2605 -0.5331 0.05
3.2748 -0.5331 0.05
3.2891 -0.5331 0.05
3.3033 -0.5331 0.05
3.3176 -0.5331 0.05
3.3318 -0.5331 0.05
3.3461 -0.5331 0.05
3.3604 -0.5331 0.05
3.3746 -0.5331 0.05
3.3889 -0.5331 0.05
3.4031 -0.5331 0.05
3.4174 -0.5331 0.05
3.4317 -0.5331 0.05
3.4459 -0.5331 0.05
3.4602 -0.5331 0.05
3.4745 -0.5331 0.05
3.4887 -0.5331 0.05
3.503 -0.5331 0.05
3.5172 -0.5331 0.05
3.5315 -0.5331 0.05
3.5458 -0.5331 0.05
3.56 -0.5331 0.05
3.5743 -0.5331 0.05
3.5885 -0.5331 0.05
3.6028 -0.5331 0.05
3.6171 -0.5331 0.05
3.6313 -0.5331 0.05
3.6456 -0.5331 0.05
3.6598 -0.5331 0.05
3.6741 -0.5331 0.05
3.6884 -0.5331 0.05
3.7026 -0.5331 0.05
3.7169 -0.5331 0.05
3.7311 -0.5331 0.05
3.7454 -0.5331 0.05
3.7597 -0.5331 0.05
3.7739 -0.5331 0.05
3.7882 -0.5331 0.05
3.8024 -0.5331 0.05
3.8167 -0.5331 0.05
3.831 -0.5331 0.05
3.8452 -0.5331 0.05
3.8595 -0.5331 0.05
3.8737 -0.5331 0.05
3.888 -0.5331 0.05
3.9023 -0.5331 0.05
3.9165 -0.5331 0.05
3.9308 -0.5331 0.05
3.9451 -0.5331 0.05
3.9593 -0.5331 0.05
3.9736 -0.5331 0.05
3.9878 -0.5331 0.05
4.0021 -0.5331 0.05
4.0164 -0.5331 0.05
4.0306 -0.5331 0.05
4.0449 -0.5331 0.05
4.0591 -0.5331 0.05
4.0734 -0.5331 0.05
4.0877 -0.5331 0.05
4.1019 -0.5331 0.05
4.1162 -0.5331 0.05
4.1304 -0.5331 0.05
4.1447 -0.5331 0.05
4.159 -0.5331 0.05
4.1732 -0.5331 0.05
4.1875 -0.5331 0.05
4.2017 -0.5331 0.05
4.216 -0.5331 0.05
4.2303 -0.5331 0.05
4.2445 -0.5331 0.05
4.2588 -0.5331 0.05
4.273 -0.5331 0.05
4.2873 -0.5331 0.05
4.3016 -0.5331 0.05
4.3158 -0.5331 0.05
4.3301 -0.5331 0.05
4.3444 -0.5331 0.05
4.3586 -0.5331 0.05
4.3729 -0.5331 0.05
4.3871 -0.5331 0.05
4.4014 -0.5331 0.05
4.4157 -0.5331 0.05
4.4299 -0.5331 0.05
4.4442 -0.5331 0.05
4.4584 -0.5331 0.05
4.4727 -0.5331 0.05
4.487 -0.5331 0.05
4.5012 -0.5331 0.05
4.5155 -0.5331 0.05
4.5297 -0.5331 0.05
4.544 -0.5331 0.05
4.544 -5.0431 0.05
4.544 -5.0318 0.05
4.544 -5.0205 0.05
4.544 -5.0092 0.05
4.544 -4.9979 0.05
4.544 -4.9866 0.05
4.544 -4.9753 0.05
4.544 -4.964 0.05
4.544 -4.9527 0.05
4.544 -4.9414 0.05
4.544 -4.9301 0.05
4.544 -4.9188 0.05
4.544 -4.9075 0.05
4.544 -4.8962 0.05
4.544 -4.8849 0.05
4.544 -4.8736 0.05
4.544 -4.8622 0.05
4.544 -4.8509 0.05
4.544 -4.8396 0.05
4.544 -4.8283 0.05
4.544 -4.817 0.05
4.544 -4.8057 0.05
4.544 -4.7944 0.05
4.544 -4.7831 0.05
4.544 -4.7718 0.05
4.544 -4.7605 0.05
4.544 -4.7492 0.05
4.544 -4.7379 0.05
4.544 -4.7266 0.05
4.544 -4.7153 0.05
4.544 -4.704 0.05
4.544 -4.6927 0.05
4.544 -4.6814 0.05
4.544 -4.6701 0.05
4.544 -4.6588 0.05
4.544 -4.6475 0.05
4.544 -4.6362 0.05
4.544 -4.6249 0.05
4.544 -4.6136 0.05
4.544 -4.6023 0.05
4.544 -4.591 0.05
4.544 -4.5797 0.05
4.544 -4.5684 0.05
4.544 -4.5571 0.05
4.544 -4.5458 0.05
4.544 -4.5345 0.05
4.544 -4.5232 0.05
4.544 -4.5118 0.05
4.544 -4.5005 0.05
4.544 -4.4892 0.05
4.544 -4.4779 0.05
4.544 -4.4666 0.05
4.544 -4.4553 0.05
4.544 -4.444 0.05
4.544 -4.4327 0.05
4.544 -4.4214 0.05
4.544 -4.4101 0.05
4.544 -4.3988 0.05
4.544 -4.3875 0.05
4.544 -4.3762 0.05
4.544 -4.3649 0.05
4.544 -4.3536 0.05
4.544 -4.3423 0.05
4.544 -4.331 0.05
4.544 -4.3197 0.05
4.544 -4.3084 0.05
4.544 -4.2971 0.05
4.544 -4.2858 0.05
4.544 -4.2745 0.05
4.544 -4.2632 0.05
4.544 -4.2519 0.05
4.544 -4.2406 0.05
4.544 -4.2293 0.05
4.544 -4.218 0.05
4.544 -4.2067 0.05
4.544 -4.1954 0.05
4.544 -4.1841 0.05
4.544 -4.1727 0.05
4.544 -4.1614 0.05
4.544 -4.1501 0.05
4.544 -4.1388 0.05
4.544 -4.1275 0.05
4.544 -4.1162 0.05
4.544 -4.1049 0.05
4.544 -4.0936 0.05
4.544 -4.0823 0.05
4.544 -4.071 0.05
4.544 -4.0597 0.05
4.544 -4.0484 0.05
4.544 -4.0371 0.05
4.544 -4.0258 0.05
4.544 -4.0145 0.05
4.544 -4.0032 0.05
4.544 -3.9919 0.05
4.544 -3.9806 0.05
4.544 -3.9693 0.05
4.544 -3.958 0.05
4.544 -3.9467 0.05
4.544 -3.9354 0.05
4.544 -3.9241 0.05
4.544 -3.9128 0.05
4.544 -3.9015 0.05
4.544 -3.8902 0.05
4.544 -3.8789 0.05
4.544 -3.8676 0.05
4.544 -3.8563 0.05
4.544 -3.845 0.05
4.544 -3.8337 0.05
4.544 -3.8223 0.05
4.544 -3.811 0.05
4.544 -3.7997 0.05
4.544 -3.7884 0.05
4.544 -3.7771 0.05
4.544 -3.7658 0.05
4.544 -3.7545 0.05
4.544 -3.7432 0.05
4.544 -3.7319 0.05
4.544 -3.7206 0.05
4.544 -3.7093 0.05
4.544 -3.698 0.05
4.544 -3.6867 0.05
4.544 -3.6754 0.05
4.544 -3.6641 0.05
4.544 -3.6528 0.05
4.544 -3.6415 0.05
4.544 -3.6302 0.05
4.544 -3.6189 0.05
4.544 -3.6076 0.05
4.544 -3.5963 0.05
4.544 -3.585 0.05
4.544 -3.5737 0.05
4.544 -3.5624 0.05
4.544 -3.5511 0.05
4.544 -3.5398 0.05
4.544 -3.5285 0.05
4.544 -3.5172 0.05
4.544 -3.5059 0.05
4.544 -3.4946 0.05
4.544 -3.4833 0.05
4.544 -3.4719 0.05
4.544 -3.4606 0.05
4.544 -3.4493 0.05
4.544 -3.438 0.05
4.544 -3.4267 0.05
4.544 -3.4154 0.05
4.544 -3.4041 0.05
4.544 -3.3928 0.05
4.544 -3.3815 0.05
4.544 -3.3702 0.05
4.544 -3.3589 0.05
4.544 -3.3476 0.05
4.544 -3.3363 0.05
4.544 -3.325 0.05
4.544 -3.3137 0.05
4.544 -3.3024 0.05
4.544 -3.2911 0.05
4.544 -3.2798 0.05
4.544 -3.2685 0.05
4.544 -3.2572 0.05
4.544 -3.2459 0.05
4.544 -3.2346 0.05
4.544 -3.2233 0.05
4.544 -3.212 0.05
4.544 -3.2007 0.05
4.544 -3.1894 0.05
4.544 -3.1781 0.05
4.544 -3.1668 0.05
4.544 -3.1555 0.05
4.544 -3.1442 0.05
4.544 -3.1328 0.05
4.544 -3.1215 0.05
4.544 -3.1102 0.05
4.544 -3.0989 0.05
4.544 -3.0876 0.05
4.544 -3.0763 0.05
4.544 -3.065 0.05
4.544 -3.0537 0.05
4.544 -3.0424 0.05
4.544 -3.0311 0.05
4.544 -3.0198 0.05
4.544 -3.0085 0.05
4.544 -2.9972 0.05
4.544 -2.9859 0.05
4.544 -2.9746 0.05
4.544 -2.9633 0.05
4.544 -2.952 0.05
4.544 -2.9407 0.05
4.544 -2.9294 0.05
4.544 -2.9181 0.05
4.544 -2.9068 0.05
4.544 -2.8955 0.05
4.544 -2.8842 0.05
4.544 -2.8729 0.05
4.544 -2.8616 0.05
4.544 -2.8503 0.05
4.544 -2.839 0.05
4.544 -2.8277 0.05
4.544 -2.8164 0.05
4.544 -2.8051 0.05
4.544 -2.7938 0.05
4.544 -2.7824 0.05
4.544 -2.7711 0.05
4.544 -2.7598 0.05
4.544 -2.7485 0.05
4.544 -2.7372 0.05
4.544 -2.7259 0.05
4.544 -2.7146 0.05
4.544 -2.7033 0.05
4.544 -2.692 0.05
4.544 -2.6807 0.05
4.544 -2.6694 0.05
4.544 -2.6581 0.05
4.544 -2.6468 0.05
4.544 -2.6355 0.05
4.544 -2.6242 0.05
4.544 -2.6129 0.05
4.544 -2.6016 0.05
4.544 -2.5903 0.05
4.544 -2.579 0.05
4.544 -2.5677 0.05
4.544 -2.5564 0.05
4.544 -2.5451 0.05
4.544 -2.5338 0.05
4.544 -2.5225 0.05
4.544 -2.5112 0.05
4.544 -2.4999 0.05
4.544 -2.4886 0.05
4.544 -2.4773 0.05
4.544 -2.466 0.05
4.544 -2.4547 0.05
4.544 -2.4434 0.05
4.544 -2.432 0.05
4.544 -2.4207 0.05
4.544 -2.4094 0.05
4.544 -2.3981 0.05
4.544 -2.3868 0.05
4.544 -2.3755 0.05
4.544 -2.3642 0.05
4.544 -2.3529 0.05
4.544 -2.3416 0.05
4.544 -2.3303 0.05
4.544 -2.319 0.05
4.544 -2.3077 0.05
4.544 -2.2964 0.05
4.544 -2.2851 0.05
4.544 -2.2738 0.05
4.544 -2.2625 0.05
4.544 -2.2512 0.05
4.544 -2.2399 0.05
4.544 -2.2286 0.05
4.544 -2.2173 0.05
4.544 -2.206 0.05
4.544 -2.1947 0.05
4.544 -2.1834 0.05
4.544 -2.1721 0.05
4.544 -2.1608 0.05
4.544 -2.1495 0.05
4.544 -2.1382 0.05
4.544 -2.1269 0.05
4.544 -2.1156 0.05
4.544 -2.1043 0.05
4.544 -2.0929 0.05
4.544 -2.0816 0.05
4.544 -2.0703 0.05
4.544 -2.059 0.05
4.544 -2.0477 0.05
4.544 -2.0364 0.05
4.544 -2.0251 0.05
4.544 -2.0138 0.05
4.544 -2.0025 0.05
4.544 -1.9912 0.05
4.544 -1.9799 0.05
4.544 -1.9686 0.05
4.544 -1.9573 0.05
4.544 -1.946 0.05
4.544 -1.9347 0.05
4.544 -1.9234 0.05
4.544 -1.9121 0.05
4.544 -1.9008 0.05
4.544 -1.8895 0.05
4.544 -1.8782 0.05
4.544 -1.8669 0.05
4.544 -1.8556 0.05
4.544 -1.8443 0.05
4.544 -1.833 0.05
4.544 -1.8217 0.05
4.544 -1.8104 0.05
4.544 -1.7991 0.05
4.544 -1.7878 0.05
4.544 -1.7765 0.05
4.544 -1.7652 0.05
4.544 -1.7539 0.05
4.544 -1.7425 0.05
4.544 -1.7312 0.05
4.544 -1.7199 0.05
4.544 -1.7086 0.05
4.544 -1.6973 0.05
4.544 -1.686 0.05
4.544 -1.6747 0.05
4.544 -1.6634 0.05
4.544 -1.6521 0.05
4.544 -1.6408 0.05
4.544 -1.6295 0.05
4.544 -1.6182 0.05
4.544 -1.6069 0.05
4.544 -1.5956 0.05
4.544 -1.5843 0.05
4.544 -1.573 0.05
4.544 -1.5617 0.05
4.544 -1.5504 0.05
4.544 -1.5391 0.05
4.544 -1.5278 0.05
4.544 -1.5165 0.05
4.544 -1.5052 0.05
4.544 -1.4939 0.05
4.544 -1.4826 0.05
4.544 -1.4713 0.05
4.544 -1.46 0.05
4.544 -1.4487 0.05
4.544 -1.4374 0.05
4.544 -1.4261 0.05
4.544 -1.4148 0.05
4.544 -1.4035 0.05
4.544 -1.3921 0.05
4.544 -1.3808 0.05
4.544 -1.3695 0.05
4.544 -1.3582 0.05
4.544 -1.3469 0.05
4.544 -1.3356 0.05
4.544 -1.3243 0.05
4.544 -1.313 0.05
4.544 -1.3017 0.05
4.544 -1.2904 0.05
4.544 -1.2791 0.05
4.544 -1.2678 0.05
4.544 -1.2565 0.05
4.544 -1.2452 0.05
4.544 -1.2339 0.05
4.544 -1.2226 0.05
4.544 -1.2113 0.05
4.544 -1.2 0.05
4.544 -1.1887 0.05
4.544 -1.1774 0.05
4.544 -1.1661 0.05
4.544 -1.1548 0.05
4.544 -1.1435 0.05
4.544 -1.1322 0.05
4.544 -1.1209 0.05
4.544 -1.1096 0.05
4.544 -1.0983 0.05
4.544 -1.087 0.05
4.544 -1.0757 0.05
4.544 -1.0644 0.05
4.544 -1.053 0.05
4.544 -1.0417 0.05
4.544 -1.0304 0.05
4.544 -1.0191 0.05
4.544 -1.0078 0.05
4.544 -0.99653 0.05
4.544 -0.98523 0.05
4.544 -0.97393 0.05
4.544 -0.96262 0.05
4.544 -0.95132 0.05
4.544 -0.94002 0.05
4.544 -0.92871 0.05
4.544 -0.91741 0.05
4.544 -0.90611 0.05
4.544 -0.8948 0.05
4.544 -0.8835 0.05
4.544 -0.8722 0.05
4.544 -0.86089 0.05
4.544 -0.84959 0.05
4.544 -0.83829 0.05
4.544 -0.82698 0.05
4.544 -0.81568 0.05
4.544 -0.80438 0.05
4.544 -0.79307 0.05
4.544 -0.78177 0.05
4.544 -0.77047 0.05
4.544 -0.75917 0.05
4.544 -0.74786 0.05
4.544 -0.73656 0.05
4.544 -0.72526 0.05
4.544 -0.71395 0.05
4.544 -0.70265 0.05
4.544 -0.69135 0.05
4.544 -0.68004 0.05
4.544 -0.66874 0.05
4.544 -0.65744 0.05
4.544 -0.64613 0.05
4.544 -0.63483 0.05
4.544 -0.62353 0.05
4.544 -0.61222 0.05
4.544 -0.60092 0.05
4.544 -0.58962 0.05
4.544 -0.57831 0.05
4.544 -0.56701 0.05
4.544 -0.55571 0.05
4.544 -0.5444 0.05
4.544 -0.5331 0.05
6.054 1.1219 0.05
6.054 1.1064 0.05
6.054 1.091 0.05
6.054 1.0755 0.05
6.054 1.0601 0.05
6.054 1.0446 0.05
6.054 1.0292 0.05
6.054 1.0137 0.05
6.054 0.99829 0.05
6.054 0.98284 0.05
6.054 0.96739 0.05
6.054 0.95194 0.05
6.054 0.93649 0.05
6.054 0.92104 0.05
6.054 0.90558 0.05
6.054 0.89013 0.05
6.054 0.87468 0.05
6.054 0.85923 0.05
6.054 0.84378 0.05
6.054 0.82833 0.05
6.054 0.81288 0.05
6.054 0.79743 0.05
6.054 0.78198 0.05
6.054 0.76652 0.05
6.054 0.75107 0.05
6.054 0.73562 0.05
6.054 0.72017 0.05
6.054 0.70472 0.05
6.054 0.68927 0.05
6.054 0.67382 0.05
6.054 0.65837 0.05
6.054 0.64292 0.05
6.054 0.62746 0.05
6.054 0.61201 0.05
6.054 0.59656 0.05
6.054 0.58111 0.05
6.054 0.56566 0.05
6.054 0.55021 0.05
6.054 0.53476 0.05
6.054 0.51931 0.05
6.054 0.50385 0.05
6.054 0.4884 0.05
6.054 0.47295 0.05
6.054 0.4575 0.05
6.054 0.44205 0.05
6.054 0.4266 0.05
6.054 0.41115 0.05
6.054 0.3957 0.05
6.054 0.38025 0.05
6.054 0.36479 0.05
6.054 0.34934 0.05
6.054 0.33389 0.05
6.054 0.31844 0.05
6.054 0.30299 0.05
6.054 0.28754 0.05
6.054 0.27209 0.05
6.054 0.25664 0.05
6.054 0.24119 0.05
6.054 0.22573 0.05
6.054 0.21028 0.05
6.054 0.19483 0.05
6.054 0.17938 0.05
6.054 0.16393 0.05
6.054 0.14848 0.05
6.054 0.13303 0.05
6.054 0.11758 0.05
6.054 0.10213 0.05
6.054 0.086674 0.05
6.054 0.071223 0.05
6.054 0.055772 0.05
6.054 0.040321 0.05
6.054 0.02487 0.05
6.054 0.0094188 0.05
6.054 -0.0060323 0.05
6.054 -0.021483 0.05
6.054 -0.036935 0.05
6.054 -0.052386 0.05
6.054 -0.067837 0.05
6.054 -0.083288 0.05
6.054 -0.098739 0.05
6.054 -0.11419 0.05
6.054 -0.12964 0.05
6.054 -0.14509 0.05
6.054 -0.16054 0.05
6.054 -0.17599 0.05
6.054 -0.19145 0.05
6.054 -0.2069 0.05
6.054 -0.22235 0.05
6.054 -0.2378 0.05
6.054 -0.25325 0.05
6.054 -0.2687 0.05
6.054 -0.28415 0.05
6.054 -0.2996 0.05
6.054 -0.31505 0.05
6.054 -0.33051 0.05
6.054 -0.34596 0.05
6.054 -0.36141 0.05
6.054 -0.37686 0.05
6.054 -0.39231 0.05
6.054 -0.40776 0.05
6.054 -0.42321 0.05
6.054 -0.43866 0.05
6.054 -0.45412 0.05
6.054 -0.46957 0.05
6.054 -0.48502 0.05
6.054 -0.50047 0.05
6.054 -0.51592 0.05
6.054 -0.53137 0.05
6.054 -0.54682 0.05
6.054 -0.56227 0.05
6.054 -0.57772 0.05
6.054 -0.59318 0.05
6.054 -0.60863 0.05
6.054 -0.62408 0.05
6.054 -0.63953 0.05
6.054 -0.65498 0.05
6.054 -0.67043 0.05
6.054 -0.68588 0.05
6.054 -0.70133 0.05
6.054 -0.71678 0.05
6.054 -0.73224 0.05
6.054 -0.74769 0.05
6.054 -0.76314 0.05
6.054 -0.77859 0.05
6.054 -0.79404 0.05
6.054 -0.80949 0.05
6.054 -0.82494 0.05
6.054 -0.84039 0.05
6.054 -0.85584 0.05
6.054 -0.8713 0.05
6.054 -0.88675 0.05
6.054 -0.9022 0.05
6.054 -0.91765 0.05
6.054 -0.9331 0.05
6.054 -0.94855 0.05
6.054 -0.964 0.05
6.054 -0.97945 0.05
6.054 -0.9949 0.05
6.054 -1.0104 0.05
6.054 -1.0258 0.05
6.054 -1.0413 0.05
6.054 -1.0567 0.05
6.054 -1.0722 0.05
6.054 -1.0876 0.05
6.054 -1.1031 0.05
6.054 -1.1185 0.05
6.054 -1.134 0.05
6.054 -1.1494 0.05
6.054 -1.1649 0.05
6.054 -1.1803 0.05
6.054 -1.1958 0.05
6.054 -1.2112 0.05
6.054 -1.2267 0.05
6.054 -1.2421 0.05
6.054 -1.2576 0.05
6.054 -1.273 0.05
6.054 -1.2885 0.05
6.054 -1.3039 0.05
6.054 -1.3194 0.05
6.054 -1.3348 0.05
6.054 -1.3503 0.05
6.054 -1.3657 0.05
6.054 -1.3812 0.05
6.054 -1.3966 0.05
6.054 -1.4121 0.05
6.054 -1.4275 0.05
6.054 -1.443 0.05
6.054 -1.4584 0.05
6.054 -1.4739 0.05
6.054 -1.4893 0.05
6.054 -1.5048 0.05
6.054 -1.5202 0.05
6.054 -1.5357 0.05
6.054 -1.5511 0.05
6.054 -1.5666 0.05
6.054 -1.582 0.05
6.054 -1.5975 0.05
6.054 -1.6129 0.05
6.054 -1.6284 0.05
6.054 -1.6439 0.05
6.054 -1.6593 0.05
6.054 -1.6748 0.05
6.054 -1.6902 0.05
6.054 -1.7057 0.05
6.054 -1.7211 0.05
6.054 -1.7366 0.05
6.054 -1.752 0.05
6.054 -1.7675 0.05
6.054 -1.7829 0.05
6.054 -1.7984 0.05
6.054 -1.8138 0.05
6.054 -1.8293 0.05
6.054 -1.8447 0.05
6.054 -1.8602 0.05
6.054 -1.8756 0.05
6.054 -1.8911 0.05
6.054 -1.9065 0.05
6.054 -1.922 0.05
6.054 -1.9374 0.05
6.054 -1.9529 0.05
6.054 -1.9683 0.05
6.054 -1.9838 0.05
6.054 -1.9992 0.05
6.054 -2.0147 0.05
6.054 -2.0301 0.05
6.054 -2.0456 0.05
6.054 -2.061 0.05
6.054 -2.0765 0.05
6.054 -2.0919 0.05
6.054 -2.1074 0.05
6.054 -2.1228 0.05
6.054 -2.1383 0.05
6.054 -2.1537 0.05
6.054 -2.1692 0.05
6.054 -2.1846 0.05
6.054 -2.2001 0.05
6.054 -2.2155 0.05
6.054 -2.231 0.05
6.054 -2.2464 0.05
6.054 -2.2619 0.05
6.054 -2.2773 0.05
6.054 -2.2928 0.05
6.054 -2.3083 0.05
6.054 -2.3237 0.05
6.054 -2.3392 0.05
6.054 -2.3546 0.05
6.054 -2.3701 0.05
6.054 -2.3855 0.05
6.054 -2.401 0.05
6.054 -2.4164 0.05
6.054 -2.4319 0.05
6.054 -2.4473 0.05
6.054 -2.4628 0.05
6.054 -2.4782 0.05
6.054 -2.4937 0.05
6.054 -2.5091 0.05
6.054 -2.5246 0.05
6.054 -2.54 0.05
6.054 -2.5555 0.05
6.054 -2.5709 0.05
6.054 -2.5864 0.05
6.054 -2.6018 0.05
6.054 -2.6173 0.05
6.054 -2.6327 0.05
6.054 -2.6482 0.05
6.054 -2.6636 0.05
6.054 -2.6791 0.05
6.054 -2.6945 0.05
6.054 -2.71 0.05
6.054 -2.7254 0.05
6.054 -2.7409 0.05
6.054 -2.7563 0.05
6.054 -2.7718 0.05
6.054 -2.7872 0.05
6.054 -2.8027 0.05
6.054 -2.8181 0.05
6.054 -2.8336 0.05
6.054 -2.849 0.05
6.054 -2.8645 0.05
6.054 -2.8799 0.05
6.054 -2.8954 0.05
6.054 -2.9108 0.05
6.054 -2.9263 0.05
6.054 -2.9417 0.05
6.054 -2.9572 0.05
6.054 -2.9726 0.05
6.054 -2.9881 0.05
6.054 -3.0036 0.05
6.054 -3.019 0.05
6.054 -3.0345 0.05
6.054 -3.0499 0.05
6.054 -3.0654 0.05
6.054 -3.0808 0.05
6.054 -3.0963 0.05
6.054 -3.1117 0.05
6.054 -3.1272 0.05
6.054 -3.1426 0.05
6.054 -3.1581 0.05
6.054 -3.1735 0.05
6.054 -3.189 0.05
6.054 -3.2044 0.05
6.054 -3.2199 0.05
6.054 -3.2353 0.05
6.054 -3.2508 0.05
6.054 -3.2662 0.05
6.054 -3.2817 0.05
6.054 -3.2971 0.05
6.054 -3.3126 0.05
6.054 -3.328 0.05
6.054 -3.3435 0.05
6.054 -3.3589 0.05
6.054 -3.3744 0.05
6.054 -3.3898 0.05
6.054 -3.4053 0.05
6.054 -3.4207 0.05
6.054 -3.4362 0.05
6.054 -3.4516 0.05
6.054 -3.4671 0.05
6.054 -3.4825 0.05
6.054 -3.498 0.05
6.054 -3.5134 0.05
6.054 -3.5289 0.05
6.054 -3.5443 0.05
6.054 -3.5598 0.05
6.054 -3.5752 0.05
6.054 -3.5907 0.05
6.054 -3.6061 0.05
6.054 -3.6216 0.05
6.054 -3.637 0.05
6.054 -3.6525 0.05
6.054 -3.6679 0.05
6.054 -3.6834 0.05
6.054 -3.6989 0.05
6.054 -3.7143 0.05
6.054 -3.7298 0.05
6.054 -3.7452 0.05
6.054 -3.7607 0.05
6.054 -3.7761 0.05
6.054 -3.7916 0.05
6.054 -3.807 0.05
6.054 -3.8225 0.05
6.054 -3.8379 0.05
6.054 -3.8534 0.05
6.054 -3.8688 0.05
6.054 -3.8843 0.05
6.054 -3.8997 0.05
6.054 -3.9152 0.05
6.054 -3.9306 0.05
6.054 -3.9461 0.05
6.054 -3.9615 0.05
6.054 -3.977 0.05
6.054 -3.9924 0.05
6.054 -4.0079 0.05
6.054 -4.0233 0.05
6.054 -4.0388 0.05
6.054 -4.0542 0.05
6.054 -4.0697 0.05
6.054 -4.0851 0.05
6.054 -4.1006 0.05
6.054 -4.116 0.05
6.054 -4.1315 0.05
6.054 -4.1469 0.05
6.054 -4.1624 0.05
6.054 -4.1778 0.05
6.054 -4.1933 0.05
6.054 -4.2087 0.05
6.054 -4.2242 0.05
6.054 -4.2396 0.05
6.054 -4.2551 0.05
6.054 -4.2705 0.05
6.054 -4.286 0.05
6.054 -4.3014 0.05
6.054 -4.3169 0.05
6.054 -4.3323 0.05
6.054 -4.3478 0.05
6.054 -4.3633 0.05
6.054 -4.3787 0.05
6.054 -4.3942 0.05
6.054 -4.4096 0.05
6.054 -4.4251 0.05
6.054 -4.4405 0.05
6.054 -4.456 0.05
6.054 -4.4714 0.05
6.054 -4.4869 0.05
6.054 -4.5023 0.05
6.054 -4.5178 0.05
6.054 -4.5332 0.05
6.054 -4.5487 0.05
6.054 -4.5641 0.05
6.054 -4.5796 0.05
6.054 -4.595 0.05
6.054 -4.6105 0.05
6.054 -4.6259 0.05
6.054 -4.6414 0.05
6.054 -4.6568 0.05
6.054 -4.6723 0.05
6.054 -4.6877 0.05
6.054 -4.7032 0.05
6.054 -4.7186 0.05
6.054 -4.7341 0.05
6.054 -4.7495 0.05
6.054 -4.765 0.05
6.054 -4.7804 0.05
6.054 -4.7959 0.05
6.054 -4.8113 0.05
6.054 -4.8268 0.05
6.054 -4.8422 0.05
6.054 -4.8577 0.05
6.054 -4.8731 0.05
6.054 -4.8886 0.05
6.054 -4.904 0.05
6.054 -4.9195 0.05
6.054 -4.9349 0.05
6.054 -4.9504 0.05
6.054 -4.9658 0.05
6.054 -4.9813 0.05
6.054 -4.9967 0.05
6.054 -5.0122 0.05
6.054 -5.0276 0.05
6.054 -5.0431 0.05
4.384 1.1219 0.05
4.3882 1.1219 0.05
4.3924 1.1219 0.05
4.3966 1.1219 0.05
4.4007 1.1219 0.05
4.4049 1.1219 0.05
4.4091 1.1219 0.05
4.4133 1.1219 0.05
4.4175 1.1219 0.05
4.4217 1.1219 0.05
4.4259 1.1219 0.05
4.43 1.1219 0.05
4.4342 1.1219 0.05
4.4384 1.1219 0.05
4.4426 1.1219 0.05
4.4468 1.1219 0.05
4.451 1.1219 0.05
4.4552 1.1219 0.05
4.4593 1.1219 0.05
4.4635 1.1219 0.05
4.4677 1.1219 0.05
4.4719 1.1219 0.05
4.4761 1.1219 0.05
4.4803 1.1219 0.05
4.4845 1.1219 0.05
4.4886 1.1219 0.05
4.4928 1.1219 0.05
4.497 1.1219 0.05
4.5012 1.1219 0.05
4.5054 1.1219 0.05
4.5096 1.1219 0.05
4.5137 1.1219 0.05
4.5179 1.1219 0.05
4.5221 1.1219 0.05
4.5263 1.1219 0.05
4.5305 1.1219 0.05
4.5347 1.1219 0.05
4.5389 1.1219 0.05
4.543 1.1219 0.05
4.5472 1.1219 0.05
4.5514 1.1219 0.05
4.5556 1.1219 0.05
4.5598 1.1219 0.05
4.564 1.1219 0.05
4.5682 1.1219 0.05
4.5723 1.1219 0.05
4.5765 1.1219 0.05
4.5807 1.1219 0.05
4.5849 1.1219 0.05
4.5891 1.1219 0.05
4.5933 1.1219 0.05
4.5975 1.1219 0.05
4.6016 1.1219 0.05
4.6058 1.1219 0.05
4.61 1.1219 0.05
4.6142 1.1219 0.05
4.6184 1.1219 0.05
4.6226 1.1219 0.05
4.6268 1.1219 0.05
4.6309 1.1219 0.05
4.6351 1.1219 0.05
4.6393 1.1219 0.05
4.6435 1.1219 0.05
4.6477 1.1219 0.05
4.6519 1.1219 0.05
4.6561 1.1219 0.05
4.6602 1.1219 0.05
4.6644 1.1219 0.05
4.6686 1.1219 0.05
4.6728 1.1219 0.05
4.677 1.1219 0.05
4.6812 1.1219 0.05
4.6854 1.1219 0.05
4.6895 1.1219 0.05
4.6937 1.1219 0.05
4.6979 1.1219 0.05
4.7021 1.1219 0.05
4.7063 1.1219 0.05
4.7105 1.1219 0.05
4.7147 1.1219 0.05
4.7188 1.1219 0.05
4.723 1.1219 0.05
4.7272 1.1219 0.05
4.7314 1.1219 0.05
4.7356 1.1219 0.05
4.7398 1.1219 0.05
4.7439 1.1219 0.05
4.7481 1.1219 0.05
4.7523 1.1219 0.05
4.7565 1.1219 0.05
4.7607 1.1219 0.05
4.7649 1.1219 0.05
4.7691 1.1219 0.05
4.7732 1.1219 0.05
4.7774 1.1219 0.05
4.7816 1.1219 0.05
4.7858 1.1219 0.05
4.79 1.1219 0.05
4.7942 1.1219 0.05
4.7984 1.1219 0.05
4.8025 1.1219 0.05
4.8067 1.1219 0.05
4.8109 1.1219 0.05
4.8151 1.1219 0.05
4.8193 1.1219 0.05
4.8235 1.1219 0.05
4.8277 1.1219 0.05
4.8318 1.1219 0.05
4.836 1.1219 0.05
4.8402 1.1219 0.05
4.8444 1.1219 0.05
4.8486 1.1219 0.05
4.8528 1.1219 0.05
4.857 1.1219 0.05
4.8611 1.1219 0.05
4.8653 1.1219 0.05
4.8695 1.1219 0.05
4.8737 1.1219 0.05
4.8779 1.1219 0.05
4.8821 1.1219 0.05
4.8863 1.1219 0.05
4.8904 1.1219 0.05
4.8946 1.1219 0.05
4.8988 1.1219 0.05
4.903 1.1219 0.05
4.9072 1.1219 0.05
4.9114 1.1219 0.05
4.9156 1.1219 0.05
4.9197 1.1219 0.05
4.9239 1.1219 0.05
4.9281 1.1219 0.05
4.9323 1.1219 0.05
4.9365 1.1219 0.05
4.9407 1.1219 0.05
4.9449 1.1219 0.05
4.949 1.1219 0.05
4.9532 1.1219 0.05
4.9574 1.1219 0.05
4.9616 1.1219 0.05
4.9658 1.1219 0.05
4.97 1.1219 0.05
4.9742 1.1219 0.05
4.9783 1.1219 0.05
4.9825 1.1219 0.05
4.9867 1.1219 0.05
4.9909 1.1219 0.05
4.9951 1.1219 0.05
4.9993 1.1219 0.05
5.0034 1.1219 0.05
5.0076 1.1219 0.05
5.0118 1.1219 0.05
5.016 1.1219 0.05
5.0202 1.1219 0.05
5.0244 1.1219 0.05
5.0286 1.1219 0.05
5.0327 1.1219 0.05
5.0369 1.1219 0.05
5.0411 1.1219 0.05
5.0453 1.1219 0.05
5.0495 1.1219 0.05
5.0537 1.1219 0.05
5.0579 1.1219 0.05
5.062 1.1219 0.05
5.0662 1.1219 0.05
5.0704 1.1219 0.05
5.0746 1.1219 0.05
5.0788 1.1219 0.05
5.083 1.1219 0.05
5.0872 1.1219 0.05
5.0913 1.1219 0.05
5.0955 1.1219 0.05
5.0997 1.1219 0.05
5.1039 1.1219 0.05
5.1081 1.1219 0.05
5.1123 1.1219 0.05
5.1165 1.1219 0.05
5.1206 1.1219 0.05
5.1248 1.1219 0.05
5.129 1.1219 0.05
5.1332 1.1219 0.05
5.1374 1.1219 0.05
5.1416 1.1219 0.05
5.1458 1.1219 0.05
5.1499 1.1219 0.05
5.1541 1.1219 0.05
5.1583 1.1219 0.05
5.1625 1.1219 0.05
5.1667 1.1219 0.05
5.1709 1.1219 0.05
5.1751 1.1219 0.05
5.1792 1.1219 0.05
5.1834 1.1219 0.05
5.1876 1.1219 0.05
5.1918 1.1219 0.05
5.196 1.1219 0.05
5.2002 1.1219 0.05
5.2044 1.1219 0.05
5.2085 1.1219 0.05
5.2127 1.1219 0.05
5.2169 1.1219 0.05
5.2211 1.1219 0.05
5.2253 1.1219 0.05
5.2295 1.1219 0.05
5.2336 1.1219 0.05
5.2378 1.1219 0.05
5.242 1.1219 0.05
5.2462 1.1219 0.05
5.2504 1.1219 0.05
5.2546 1.1219 0.05
5.2588 1.1219 0.05
5.2629 1.1219 0.05
5.2671 1.1219 0.05
5.2713 1.1219 0.05
5.2755 1.1219 0.05
5.2797 1.1219 0.05
5.2839 1.1219 0.05
5.2881 1.1219 0.05
5.2922 1.1219 0.05
5.2964 1.1219 0.05
5.3006 1.1219 0.05
5.3048 1.1219 0.05
5.309 1.1219 0.05
5.3132 1.1219 0.05
5.3174 1.1219 0.05
5.3215 1.1219 0.05
5.3257 1.1219 0.05
5.3299 1.1219 0.05
5.3341 1.1219 0.05
5.3383 1.1219 0.05
5.3425 1.1219 0.05
5.3467 1.1219 0.05
5.3508 1.1219 0.05
5.355 1.1219 0.05
5.3592 1.1219 0.05
5.3634 1.1219 0.05
5.3676 1.1219 0.05
5.3718 1.1219 0.05
5.376 1.1219 0.05
5.3801 1.1219 0.05
5.3843 1.1219 0.05
5.3885 1.1219 0.05
5.3927 1.1219 0.05
5.3969 1.1219 0.05
5.4011 1.1219 0.05
5.4053 1.1219 0.05
5.4094 1.1219 0.05
5.4136 1.1219 0.05
5.4178 1.1219 0.05
5.422 1.1219 0.05
5.4262 1.1219 0.05
5.4304 1.1219 0.05
5.4346 1.1219 0.05
5.4387 1.1219 0.05
5.4429 1.1219 0.05
5.4471 1.1219 0.05
5.4513 1.1219 0.05
5.4555 1.1219 0.05
5.4597 1.1219 0.05
5.4638 1.1219 0.05
5.468 1.1219 0.05
5.4722 1.1219 0.05
5.4764 1.1219 0.05
5.4806 1.1219 0.05
5.4848 1.1219 0.05
5.489 1.1219 0.05
5.4931 1.1219 0.05
5.4973 1.1219 0.05
5.5015 1.1219 0.05
5.5057 1.1219 0.05
5.5099 1.1219 0.05
5.5141 1.1219 0.05
5.5183 1.1219 0.05
5.5224 1.1219 0.05
5.5266 1.1219 0.05
5.5308 1.1219 0.05
5.535 1.1219 0.05
5.5392 1.1219 0.05
5.5434 1.1219 0.05
5.5476 1.1219 0.05
5.5517 1.1219 0.05
5.5559 1.1219 0.05
5.5601 1.1219 0.05
5.5643 1.1219 0.05
5.5685 1.1219 0.05
5.5727 1.1219 0.05
5.5769 1.1219 0.05
5.581 1.1219 0.05
5.5852 1.1219 0.05
5.5894 1.1219 0.05
5.5936 1.1219 0.05
5.5978 1.1219 0.05
5.602 1.1219 0.05
5.6062 1.1219 0.05
5.6103 1.1219 0.05
5.6145 1.1219 0.05
5.6187 1.1219 0.05
5.6229 1.1219 0.05
5.6271 1.1219 0.05
5.6313 1.1219 0.05
5.6355 1.1219 0.05
5.6396 1.1219 0.05
5.6438 1.1219 0.05
5.648 1.1219 0.05
5.6522 1.1219 0.05
5.6564 1.1219 0.05
5.6606 1.1219 0.05
5.6648 1.1219 0.05
5.6689 1.1219 0.05
5.6731 1.1219 0.05
5.6773 1.1219 0.05
5.6815 1.1219 0.05
5.6857 1.1219 0.05
5.6899 1.1219 0.05
5.6941 1.1219 0.05
5.6982 1.1219 0.05
5.7024 1.1219 0.05
5.7066 1.1219 0.05
5.7108 1.1219 0.05
5.715 1.1219 0.05
5.7192 1.1219 0.05
5.7233 1.1219 0.05
5.7275 1.1219 0.05
5.7317 1.1219 0.05
5.7359 1.1219 0.05
5.7401 1.1219 0.05
5.7443 1.1219 0.05
5.7485 1.1219 0.05
5.7526 1.1219 0.05
5.7568 1.1219 0.05
5.761 1.1219 0.05
5.7652 1.1219 0.05
5.7694 1.1219 0.05
5.7736 1.1219 0.05
5.7778 1.1219 0.05
5.7819 1.1219 0.05
5.7861 1.1219 0.05
5.7903 1.1219 0.05
5.7945 1.1219 0.05
5.7987 1.1219 0.05
5.8029 1.1219 0.05
5.8071 1.1219 0.05
5.8112 1.1219 0.05
5.8154 1.1219 0.05
5.8196 1.1219 0.05
5.8238 1.1219 0.05
5.828 1.1219 0.05
5.8322 1.1219 0.05
5.8364 1.1219 0.05
5.8405 1.1219 0.05
5.8447 1.1219 0.05
5.8489 1.1219 0.05
5.8531 1.1219 0.05
5.8573 1.1219 0.05
5.8615 1.1219 0.05
5.8657 1.1219 0.05
5.8698 1.1219 0.05
5.874 1.1219 0.05
5.8782 1.1219 0.05
5.8824 1.1219 0.05
5.8866 1.1219 0.05
5.8908 1.1219 0.05
5.895 1.1219 0.05
5.8991 1.1219 0.05
5.9033 1.1219 0.05
5.9075 1.1219 0.05
5.9117 1.1219 0.05
5.9159 1.1219 0.05
5.9201 1.1219 0.05
5.9243 1.1219 0.05
5.9284 1.1219 0.05
5.9326 1.1219 0.05
5.9368 1.1219 0.05
5.941 1.1219 0.05
5.9452 1.1219 0.05
5.9494 1.1219 0.05
5.9535 1.1219 0.05
5.9577 1.1219 0.05
5.9619 1.1219 0.05
5.9661 1.1219 0.05
5.9703 1.1219 0.05
5.9745 1.1219 0.05
5.9787 1.1219 0.05
5.9828 1.1219 0.05
5.987 1.1219 0.05
5.9912 1.1219 0.05
5.9954 1.1219 0.05
5.9996 1.1219 0.05
6.0038 1.1219 0.05
6.008 1.1219 0.05
6.0121 1.1219 0.05
6.0163 1.1219 0.05
6.0205 1.1219 0.05
6.0247 1.1219 0.05
6.0289 1.1219 0.05
6.0331 1.1219 0.05
6.0373 1.1219 0.05
6.0414 1.1219 0.05
6.0456 1.1219 0.05
6.0498 1.1219 0.05
6.054 1.1219 0.05
