  -2.7365061220085057e-01
  -2.7153661220085062e-01
  -2.8404761220085056e-01
  -3.2937461220085057e-01
  -2.2810561220085057e-01
  -1.1776161220085057e-01
  -2.3105561220085058e-01
  -1.6476461220085059e-01
  -1.4818761220085058e-01
  -2.1179961220085058e-01
  -5.1364612200850590e-02
  -2.7114561220085059e-01
  -2.8883161220085057e-01
  -2.2422961220085058e-01
  -3.1094161220085054e-01
  -3.3341661220085056e-01
  -2.5553161220085058e-01
  -3.4264261220085063e-01
  -2.5305261220085057e-01
  -2.9034561220085059e-01
  -2.9718661220085058e-01
  -3.2389561220085056e-01
  -2.6146561220085057e-01
  -2.9867961220085054e-01
  -2.9440861220085063e-01
  -2.7325961220085054e-01
  -2.1969861220085057e-01
  -1.5647861220085058e-01
  -2.9075261220085064e-01
  -2.7755661220085054e-01
  -2.0070761220085059e-01
  -3.0804061220085061e-01
  -2.8850661220085055e-01
  -2.8792961220085062e-01
  -3.2504461220085062e-01
  -1.2262061220085058e-01
  -2.8800161220085058e-01
   7.6196387799149418e-02
  -1.8850661220085058e-01
  -1.7621061220085060e-01
  -2.6009461220085056e-01
  -1.3659361220085059e-01
  -7.7189612200850577e-02
  -2.7038061220085058e-01
  -2.1231661220085057e-01
  -2.3526061220085059e-01
  -2.7837261220085058e-01
  -2.3209361220085062e-01
  -2.3459461220085059e-01
  -2.9877361220085058e-01
  -2.5195561220085055e-01
  -2.1372861220085060e-01
  -4.8258612200850592e-02
  -7.3620612200850588e-02
  -4.6980612200850591e-02
  -1.2945861220085059e-01
  -3.2536261220085055e-01
  -2.8603061220085063e-01
  -3.1150361220085060e-01
  -3.0590461220085058e-01
  -3.4818661220085062e-01
  -3.2840561220085057e-01
  -2.9956161220085059e-01
  -3.2369961220085058e-01
  -2.9656761220085054e-01
  -3.1345461220085064e-01
  -3.4249261220085064e-01
  -3.2899361220085060e-01
  -3.0969361220085062e-01
  -3.1520261220085061e-01
  -2.4755461220085057e-01
  -2.7595061220085054e-01
  -2.1990761220085059e-01
  -9.0784612200850601e-02
  -2.6388361220085060e-01
  -3.3761761220085057e-01
  -1.1442261220085059e-01
  -1.6141061220085057e-01
  -1.5616061220085059e-01
  -1.5389161220085057e-01
  -2.3601661220085057e-01
  -2.5102361220085062e-01
  -4.3972612200850580e-02
  -2.1028361220085057e-01
  -1.8252861220085059e-01
  -1.9421061220085062e-01
  -1.7364361220085062e-01
  -4.5624612200850567e-02
  -1.8149161220085058e-01
  -2.0160861220085058e-01
  -1.9793361220085059e-01
  -1.8503461220085060e-01
  -1.6045161220085058e-01
  -1.7154961220085058e-01
  -1.3741261220085060e-01
  -2.7237861220085063e-01
  -3.3510961220085062e-01
  -2.9262061220085062e-01
  -2.6807261220085060e-01
  -2.6995261220085059e-01
  -1.8398361220085058e-01
  -3.1542061220085055e-01
  -2.0367561220085062e-01
  -2.7548261220085063e-01
  -3.5777461220085055e-01
  -4.3048861220085061e-01
  -3.5701561220085060e-01
  -3.8020261220085055e-01
  -4.0963961220085060e-01
  -3.8981661220085057e-01
  -4.1273561220085059e-01
  -4.2686761220085062e-01
  -3.8723961220085062e-01
  -4.7961561220085064e-01
  -4.5599161220085055e-01
  -2.0052861220085061e-01
  -1.8315761220085058e-01
  -1.3527061220085057e-01
  -2.2384061220085061e-01
  -8.4639612200850589e-02
  -2.6448061220085056e-01
  -2.1033261220085059e-01
  -2.4500661220085057e-01
  -3.0342261220085059e-01
  -3.4829361220085059e-01
  -2.1722961220085057e-01
  -2.1040361220085058e-01
  -2.3902261220085058e-01
  -1.7558361220085061e-01
  -1.8639761220085060e-01
  -2.0315061220085057e-01
  -2.4808861220085060e-01
  -2.7221761220085056e-01
  -2.4410961220085065e-01
  -2.7394661220085065e-01
  -2.6194161220085060e-01
  -2.4365561220085058e-01
  -3.5769661220085064e-01
  -3.5904261220085060e-01
  -2.1648561220085061e-01
  -1.3277161220085060e-01
  -1.6162261220085061e-01
  -9.5830612200850596e-02
  -1.3374461220085060e-01
  -9.2397612200850576e-02
  -1.5054661220085058e-01
  -9.1601612200850613e-02
  -8.5720612200850588e-02
  -1.7263361220085061e-01
  -1.3312861220085059e-01
  -8.5435612200850608e-02
  -1.0174561220085060e-01
  -1.4821461220085058e-01
  -8.3679612200850573e-02
  -1.8358361220085057e-01
  -1.0444561220085058e-01
  -1.3642761220085059e-01
  -3.5285061220085062e-01
  -3.6385561220085055e-01
  -3.1429061220085058e-01
  -3.5148861220085065e-01
  -3.4838561220085057e-01
  -3.5805161220085063e-01
  -3.2854861220085058e-01
  -3.8095561220085056e-01
  -3.9122461220085064e-01
  -2.9772861220085062e-01
  -2.6234261220085059e-01
  -3.2168561220085062e-01
  -2.8761361220085063e-01
  -4.0088261220085059e-01
  -3.7200361220085060e-01
  -1.9561961220085061e-01
  -2.5323561220085061e-01
  -2.9499461220085060e-01
  -3.0064361220085062e-01
  -2.7352612200850612e-02
  -2.1351861220085061e-01
  -2.1970861220085058e-01
  -2.0281761220085059e-01
  -2.3156361220085059e-01
  -2.2188861220085060e-01
  -2.5395061220085063e-01
  -3.7763761220085063e-01
  -2.4416761220085054e-01
  -2.1836361220085060e-01
  -5.0138612200850585e-02
  -7.0416612200850603e-02
  -5.4240612200850580e-02
  -1.2458061220085059e-01
  -2.2902761220085061e-01
  -1.6931961220085057e-01
  -8.9317612200850605e-02
  -1.6303661220085058e-01
  -1.9724961220085058e-01
   4.6563877991493974e-03
  -3.3091961220085059e-01
  -3.8352861220085060e-01
  -2.7238761220085056e-01
  -3.6988461220085062e-01
  -2.2829961220085060e-01
  -1.4554061220085057e-01
  -2.1900761220085058e-01
  -2.1292161220085060e-01
  -1.0082961220085057e-01
  -2.3487061220085059e-01
  -1.8922761220085060e-01
  -1.4379861220085061e-01
  -1.4018861220085060e-01
  -5.9692612200850592e-02
  -8.7687612200850584e-02
  -1.8163461220085059e-01
  -1.7525661220085059e-01
   2.0267538779914940e-01
  -3.2682861220085063e-01
  -3.0849861220085056e-01
  -3.2370561220085065e-01
  -3.8029661220085059e-01
  -3.5141261220085057e-01
  -4.0206761220085058e-01
  -2.8764261220085058e-01
  -2.8149261220085059e-01
  -3.1288261220085062e-01
  -2.8644361220085063e-01
  -2.4968361220085061e-01
  -2.5912861220085054e-01
  -1.8521161220085058e-01
  -2.0347761220085059e-01
   7.2783387799149418e-02
  -1.3144612200850614e-02
   1.1773877991493875e-03
  -2.1914261220085057e-01
  -8.7908612200850611e-02
  -1.4686961220085060e-01
  -2.0417261220085059e-01
  -5.6655612200850580e-02
  -6.6004612200850576e-02
  -1.4671761220085061e-01
  -8.0239612200850574e-02
  -1.3938561220085061e-01
   3.8811938779914940e-01
   2.0808138779914942e-01
  -2.1519061220085062e-01
  -2.9093361220085062e-01
  -2.2894161220085057e-01
  -2.3490861220085058e-01
  -2.1974612200850618e-02
  -1.0030361220085060e-01
  -1.3157461220085059e-01
  -2.1108361220085059e-01
  -2.8990361220085065e-01
  -1.7409761220085057e-01
  -1.7198961220085057e-01
  -2.0205761220085061e-01
  -1.7405612200850573e-02
  -5.0290612200850571e-02
  -1.1462261220085057e-01
  -8.2212612200850577e-02
   3.6993838779914939e-01
  -3.4372261220085060e-01
  -3.3776661220085064e-01
  -8.5410612200850611e-02
  -7.5346122008506100e-03
  -1.6233861220085061e-01
  -1.0541361220085060e-01
  -1.3238361220085060e-01
  -8.2287612200850568e-02
  -1.2471612200850579e-02
   3.6491538779914939e-01
  -2.0325612200850607e-02
  -1.0324961220085060e-01
  -3.1772861220085064e-01
   6.6873877991494024e-03
  -1.0206561220085059e-01
  -2.7873461220085055e-01
   5.2398387799149404e-02
  -2.1336461220085057e-01
  -6.2641612200850572e-02
  -1.3901612200850566e-02
  -2.5731561220085059e-01
  -2.8147961220085055e-01
  -1.4506612200850588e-02
  -1.3471612200850580e-02
  -2.5975361220085064e-01
   7.4638387799149414e-02
  -2.0626361220085060e-01
  -2.3948461220085054e-01
  -2.0691461220085061e-01
  -9.3848612200850612e-02
  -4.6670612200850614e-02
  -1.1291461220085058e-01
  -2.3943861220085055e-01
   1.2488387799149403e-02
  -2.5010561220085065e-01
  -1.5460361220085062e-01
  -9.9311612200850607e-02
  -1.7419661220085059e-01
  -4.0954561220085056e-01
  -3.7814961220085058e-01
  -2.4474461220085059e-01
  -1.9056661220085058e-01
  -1.8470161220085057e-01
  -1.4362961220085058e-01
  -1.5934961220085059e-01
  -1.8488261220085062e-01
  -2.0908561220085059e-01
  -1.9354561220085059e-01
  -1.7327761220085058e-01
  -1.6358061220085057e-01
  -1.7007461220085057e-01
  -1.4568561220085058e-01
  -8.6199612200850595e-02
  -1.3199461220085057e-01
  -1.6381461220085058e-01
  -2.1237561220085061e-01
  -2.7305861220085054e-01
  -1.4838861220085059e-01
  -1.7937261220085060e-01
  -1.2023761220085061e-01
  -1.6233261220085060e-01
  -1.3790161220085057e-01
  -2.0101661220085060e-01
  -1.0062561220085059e-01
  -1.6605761220085058e-01
  -2.3722461220085062e-01
  -9.4270612200850590e-02
  -1.1028561220085059e-01
  -1.7740561220085060e-01
  -9.7774612200850597e-02
  -1.3756461220085059e-01
  -3.1681661220085061e-01
  -4.1721761220085057e-01
  -1.8377161220085059e-01
  -1.9494861220085058e-01
  -1.7542461220085059e-01
  -1.9378361220085061e-01
  -1.6975661220085059e-01
  -3.5325161220085061e-01
  -3.5306861220085056e-01
  -3.3842861220085058e-01
  -2.7097361220085064e-01
  -3.8090761220085062e-01
  -3.1384061220085063e-01
  -2.6255661220085064e-01
  -4.5408461220085056e-01
  -3.6343486919485024e-01
  -1.9291061220085060e-01
  -2.0049061220085057e-01
  -1.5991661220085057e-01
  -1.9202861220085060e-01
  -9.0719612200850619e-02
  -8.2604612200850580e-02
  -6.8844612200850586e-02
  -2.9297661220085064e-01
  -2.9208961220085056e-01
  -2.2863161220085060e-01
  -2.6910161220085055e-01
  -3.5974061220085057e-01
  -2.1573061220085060e-01
  -1.8873861220085059e-01
  -1.4040161220085057e-01
  -1.5505761220085057e-01
  -1.6769961220085061e-01
  -2.3053661220085059e-01
  -1.8305261220085062e-01
  -1.7791161220085061e-01
  -1.0620861220085059e-01
  -6.0187612200850615e-02
  -9.5022612200850565e-02
  -2.0204461220085057e-01
  -2.1596361220085059e-01
  -1.7796661220085058e-01
  -2.9018361220085059e-01
  -2.4410961220085065e-01
  -2.4214961220085057e-01
  -3.1929361220085056e-01
  -2.5433461220085057e-01
  -2.7098561220085055e-01
  -2.4432761220085059e-01
  -2.3247161220085061e-01
  -2.5918661220085054e-01
  -2.7387361220085055e-01
  -2.7589561220085063e-01
  -2.8930961220085055e-01
  -1.9578961220085062e-01
  -1.9124261220085059e-01
  -3.3929461220085061e-01
  -7.4435612200850598e-02
  -1.0330461220085058e-01
  -2.6229861220085054e-01
  -2.8748061220085058e-01
  -2.6497761220085064e-01
  -2.4788861220085062e-01
  -1.4028861220085059e-01
  -1.4570761220085060e-01
  -2.1391461220085062e-01
  -1.5621461220085059e-01
  -2.2241161220085059e-01
  -1.9854461220085057e-01
  -6.2711612200850586e-02
  -1.0653361220085061e-01
  -3.7978361220085061e-01
  -3.8426361220085065e-01
  -3.3442261220085062e-01
  -2.3410561220085058e-01
  -2.1478661220085060e-01
  -2.4624261220085059e-01
  -2.5531861220085056e-01
  -2.8363361220085054e-01
  -2.0845761220085057e-01
  -2.4677861220085057e-01
  -3.0371061220085055e-01
  -1.7560361220085058e-01
  -3.4500261220085054e-01
  -1.9748261220085062e-01
  -1.5345261220085060e-01
  -3.2158861220085061e-01
  -1.5860061220085059e-01
  -1.8298461220085060e-01
  -1.7298061220085059e-01
  -1.5362061220085060e-01
  -2.3466861220085061e-01
  -3.8654612200850591e-02
  -4.8903612200850599e-02
  -3.2485961220085063e-01
  -3.5060961220085057e-01
  -4.1478761220085064e-01
  -3.0630161220085056e-01
  -2.7056461220085054e-01
  -1.9313861220085060e-01
  -3.0519561220085062e-01
  -3.2485261220085054e-01
  -3.2257061220085054e-01
  -2.2516261220085060e-01
  -2.6065261220085062e-01
  -2.2526561220085062e-01
   1.2207638779914939e-01
   2.4381138779914940e-01
   1.7674938779914939e-01
  -3.1484061220085063e-01
  -3.4486561220085060e-01
  -3.6731061220085054e-01
  -3.3172361220085061e-01
  -2.3026261220085059e-01
  -4.2025461220085064e-01
  -3.1003261220085060e-01
  -2.9918161220085054e-01
  -4.5111561220085056e-01
  -4.0814461220085058e-01
  -4.1507861220085057e-01
  -4.0594561220085063e-01
  -3.9210561220085055e-01
  -4.1147261220085057e-01
  -3.4224661220085056e-01
  -3.0381761220085063e-01
  -4.0821061220085059e-01
  -4.2570961220085063e-01
  -4.2469661220085059e-01
  -4.2102161220085060e-01
  -5.9436361220085066e-01
  -1.5161561220085057e-01
  -1.0119361220085060e-01
  -1.2490761220085062e-01
  -3.6445261220085062e-01
  -3.3217161220085062e-01
  -2.0020061220085061e-01
  -3.3085461220085061e-01
  -3.2875561220085064e-01
  -3.3215161220085060e-01
  -3.5745061220085056e-01
  -3.6837461220085060e-01
  -3.6506061220085056e-01
  -4.0845661220085056e-01
  -1.0172261220085060e-01
  -5.2528761220085052e-01
  -5.2528261220085048e-01
  -5.8037161220085065e-01
  -6.4413161220085069e-01
  -4.9732161220085064e-01
  -4.2369761220085062e-01
  -4.4340361220085062e-01
  -4.3349661220085062e-01
  -4.6013461220085056e-01
  -8.2083661220085058e-01
  -6.8039361220085048e-01
  -7.7712761220085058e-01
  -7.7649861220085059e-01
  -3.9779561220085063e-01
  -4.3822461220085057e-01
  -4.5620061220085056e-01
  -5.1236861220085061e-01
  -4.6294561220085056e-01
  -4.5605061220085058e-01
  -4.6705161220085062e-01
  -4.6610361220085056e-01
  -7.8021061220085075e-01
  -2.4253461220085054e-01
  -1.7667961220085060e-01
  -2.8418161220085064e-01
  -1.0331061220085058e-01
  -9.3273612200850620e-02
  -7.0092612200850613e-02
  -8.2579612200850583e-02
  -1.9626161220085059e-01
  -4.6294761220085062e-01
  -4.5133961220085056e-01
  -2.3814461220085059e-01
  -4.0791461220085062e-01
  -2.8413161220085065e-01
  -4.3094461220085062e-01
  -3.1971561220085060e-01
  -4.2043961220085063e-01
  -5.7821661220085052e-01
  -4.8436661220085059e-01
  -5.0437761220085053e-01
  -5.2182461220085052e-01
  -5.4217861220085051e-01
  -4.9447061220085059e-01
  -5.1848461220085063e-01
  -5.8707461220085055e-01
  -5.5300961220085054e-01
  -5.5564961220085052e-01
  -5.4453561220085067e-01
  -5.4309161220085067e-01
  -6.0348261220085053e-01
  -6.5437861220085058e-01
  -6.9477561220085060e-01
  -7.4835561220085056e-01
  -7.4063761220085067e-01
  -7.4071961220085059e-01
  -7.8010361220085067e-01
  -6.9303061220085049e-01
  -6.5483961220085063e-01
  -6.8772961220085049e-01
  -7.1662461220085061e-01
  -2.3032661220085060e-01
   1.1507663877991494e+00
  -3.9737361220085060e-01
  -3.5776612200850599e-02
  -2.9755661220085056e-01
  -3.4216361220085062e-01
  -3.8774561220085063e-01
  -3.7865761220085065e-01
  -3.3975361220085060e-01
  -2.6567861220085059e-01
  -1.5561561220085057e-01
  -2.7906661220085055e-01
  -2.7831361220085055e-01
  -3.4908361220085055e-01
  -3.5268161220085065e-01
  -4.3531961220085064e-01
  -4.5452561220085058e-01
  -7.5372361220085060e-01
  -1.6866561220085058e-01
   6.3898387799149414e-02
   2.2697387799149399e-02
  -2.9703461220085065e-01
  -2.1279261220085061e-01
  -2.2863461220085057e-01
  -4.8937761220085058e-01
  -3.8770361220085064e-01
  -8.0176861220085072e-01
  -7.8560261220085059e-01
   1.7968038779914941e-01
  -4.3109761220085058e-01
  -1.4973361220085057e-01
  -3.7541761220085063e-01
  -4.0405661220085060e-01
  -3.1197161220085062e-01
  -4.7799561220085057e-01
  -5.1660261220085069e-01
  -2.8349612200850582e-02
  -4.9537561220085063e-01
  -5.2901161220085058e-01
  -4.2917961220085060e-01
  -4.2358861220085059e-01
  -2.7249161220085055e-01
  -3.7095861220085063e-01
  -4.2190861220085057e-01
  -3.0079161220085054e-01
  -4.8369061220085058e-01
  -4.6313461220085056e-01
  -4.9924461220085065e-01
  -5.2580461220085062e-01
  -4.9216361220085064e-01
  -5.4832561220085063e-01
  -5.2538061220085064e-01
  -5.0274061220085065e-01
  -4.9541461220085065e-01
  -4.6660261220085059e-01
  -4.9589561220085060e-01
  -5.5910561220085064e-01
  -5.9551061220085066e-01
  -5.5227261220085055e-01
   1.1118438779914941e-01
   7.2284738779914948e-01
   1.0733050639277901e+00
   1.3072313877991493e+00
   1.2647963877991493e+00
   1.2372053877991493e+00
   1.2275063877991494e+00
   1.3171663877991493e+00
   8.4621338779914934e-01
   1.2913503877991495e+00
   1.2026903877991495e+00
   1.3023143877991494e+00
   1.5229738779914942e-01
   1.4174338779914941e-01
   1.3756723877991492e+00
   1.3265563877991493e+00
   1.2939153877991494e+00
   1.3313913877991495e+00
   1.1180703877991494e+00
   1.3521423877991494e+00
   1.2778433877991493e+00
   1.2312203877991494e+00
   1.2186623877991494e+00
   1.1897993877991495e+00
   8.1501638779914942e-01
   1.2132603877991495e+00
   6.7849338779914947e-01
   1.3810523877991494e+00
  -4.0712261220085061e-01
  -1.6096761220085060e-01
  -1.5737461220085058e-01
  -2.4822461220085063e-01
  -2.4482761220085064e-01
  -2.8738261220085054e-01
  -4.0017561220085057e-01
  -3.1045561220085055e-01
  -4.2377861220085061e-01
  -3.9964261220085057e-01
  -2.7640261220085055e-01
  -2.8249661220085059e-01
   1.3680833877991494e+00
   1.2149853877991494e+00
   1.3669503877991493e+00
   1.7820613877991494e+00
   1.7489723672933617e+00
   1.3387893877991492e+00
   1.3529993877991493e+00
   1.3649873877991494e+00
   1.0107443877991493e+00
   1.2384363877991493e+00
   1.3209233877991493e+00
   1.3238493877991493e+00
   1.2487473877991495e+00
   1.3038223877991493e+00
   1.2834613877991494e+00
   1.2749633877991493e+00
   1.2516993877991494e+00
   1.1722433877991494e+00
   1.2578893877991495e+00
   1.3130123877991493e+00
   1.2882303877991494e+00
   1.2926913877991493e+00
   1.2744663877991493e+00
   1.2634983877991492e+00
   1.2362263877991495e+00
   1.1936813877991495e+00
  -6.9924612200850611e-02
   1.1282423877991494e+00
   1.2824783877991492e+00
   1.3184503877991494e+00
   1.2678853877991494e+00
   1.3219793877991493e+00
   1.4915943877991493e+00
   8.0269838779914937e-01
   1.3786483877991493e+00
   1.2359703877991495e+00
   1.2932013877991493e+00
   1.2392823877991495e+00
   1.2868123877991493e+00
   1.2442163877991494e+00
   1.2797613877991494e+00
   1.3203793877991494e+00
   1.2994693877991494e+00
   1.3252923877991494e+00
   1.3389813877991494e+00
   1.3406663877991494e+00
   1.1455893877991494e+00
   1.4348243877991493e+00
   1.2638423877991494e+00
   1.4123693877991494e+00
   1.0579013877991494e+00
   1.3050713877991493e+00
   9.9973738779914934e-01
   1.0580243877991493e+00
   1.1195363877991493e+00
   1.1868483877991494e+00
   1.1602273877991494e+00
   1.2855873877991493e+00
   6.8602338779914940e-01
   1.2459543877991495e+00
   1.3036463877991493e+00
   1.3492083877991494e+00
   1.3012733877991494e+00
   1.3221073877991494e+00
   1.2021783877991494e+00
   1.2310913877991494e+00
   1.2270523877991495e+00
   1.2156063877991494e+00
   1.2375713877991494e+00
   1.1830653877991495e+00
   1.3517253877991493e+00
   1.4555183877991493e+00
   1.4801873877991494e+00
   1.2419303877991494e+00
   7.2191938779914944e-01
   7.2304138779914939e-01
   7.2219038779914935e-01
   8.1580738779914941e-01
   1.3630733877991494e+00
   1.2377263877991493e+00
   1.2210553877991495e+00
   1.1916083877991495e+00
   1.2959063877991495e+00
   1.1310863877991495e+00
   1.3684273877991493e+00
   1.4043623877991493e+00
   2.0566453877991493e+00
   2.0600323877991493e+00
   1.9149693877991494e+00
   2.0049183877991497e+00
   1.3189873877991494e+00
   1.8342333877991495e+00
   1.3004053877991493e+00
   1.2459943877991495e+00
   1.2732923877991493e+00
   1.2430893877991493e+00
   1.2712533877991494e+00
   1.1899763877991494e+00
   1.3013993877991494e+00
   1.3355503877991493e+00
   1.2436163877991495e+00
   1.4338483877991492e+00
   1.2814753877991494e+00
   1.0856273877991494e+00
   1.3569743877991494e+00
   1.2458533877991493e+00
   1.3374063877991493e+00
   1.3791973877991492e+00
   1.4365893877991494e+00
   1.3597763877991493e+00
   1.3105703877991493e+00
   1.3100893877991493e+00
   1.3966983877991495e+00
   1.2366253877991493e+00
   1.1423713877991495e+00
   1.4001253877991493e+00
   1.3194613877991495e+00
   1.3235343877991494e+00
   1.3553263877991493e+00
   1.2549443877991493e+00
   1.2564123877991493e+00
   1.3821173877991493e+00
   1.3868753877991493e+00
   1.3284013877991494e+00
   1.4054663877991493e+00
   1.2171173877991495e+00
   1.0385943877991495e+00
   1.0859443877991495e+00
   1.4534163877991493e+00
   1.5156113877991493e+00
   1.2725353877991494e+00
   1.7534233877991494e+00
   1.4758513877991493e+00
   1.2671773877991495e+00
   8.5891638779914947e-01
   1.8917193877991494e+00
   1.3694903877991493e+00
   1.4240493877991494e+00
   8.1705938779914944e-01
   1.4490383877991493e+00
   1.1485023877991494e+00
   1.2977403877991494e+00
   1.2735893877991493e+00
   1.2844183877991493e+00
   1.2668933877991493e+00
   1.3988893877991493e+00
   1.4209823877991494e+00
   1.3752813877991494e+00
   1.4272783877991493e+00
   1.8135233877991495e+00
   1.5001683877991494e+00
   1.7146073877991495e+00
   8.5680738779914933e-01
   1.4753873877991492e+00
   2.0516353877991493e+00
   2.0276193877991493e+00
   1.9734453877991494e+00
   1.5495483877991494e+00
   1.5409543877991494e+00
   1.9824373877991492e+00
   1.5065613877991493e+00
   1.4912233877991494e+00
   1.5041713877991494e+00
   1.8836663877991493e+00
   1.4376583877991493e+00
   8.8480538779914930e-01
   1.5179583877991494e+00
   1.4630253877991493e+00
   1.4570333877991493e+00
   2.0078203877991494e+00
   1.8642363877991492e+00
   1.4127743877991494e+00
   1.8774483877991492e+00
   1.4899123877991494e+00
   1.2049843877991495e+00
   1.9712073877991494e+00
   2.0696273877991493e+00
   1.4669553877991492e+00
   1.3717383877991494e+00
   1.2806493877991494e+00
   3.5622387799149419e-02
  -7.2379612200850596e-02
  -4.5563612200850589e-02
  -5.0624612200850572e-02
  -2.3247612200850587e-02
  -1.0468361220085060e-01
   1.3681387799149403e-02
  -5.5314612200850599e-02
  -1.6599061220085060e-01
  -1.7360161220085057e-01
  -4.3966122008505804e-03
  -5.6086122008505712e-03
   9.6203877991494213e-03
  -1.2286761220085057e-01
  -3.3706612200850583e-02
  -9.1435612200850613e-02
   5.3096387799149408e-02
  -3.7150361220085054e-01
  -1.1319461220085059e-01
   1.8652387799149406e-02
  -1.3318261220085059e-01
  -1.6537761220085057e-01
  -1.0842261220085059e-01
  -8.6000612200850590e-02
  -1.7495612200850608e-02
   2.7713877991494273e-03
  -7.7855612200850577e-02
  -5.7310612200850597e-02
   5.7782387799149404e-02
   1.7972387799149420e-02
  -1.5441261220085062e-01
  -1.5951661220085062e-01
  -1.5165661220085058e-01
  -1.5282861220085059e-01
  -9.2827612200850618e-02
  -6.9795612200850565e-02
  -1.1842612200850589e-02
  -3.6222612200850601e-02
   6.1813877991493960e-03
  -1.1784612200850586e-02
   1.5539387799149401e-02
  -1.3442761220085059e-01
  -1.7632861220085061e-01
  -1.1837261220085060e-01
  -1.3830561220085058e-01
  -2.1891961220085060e-01
  -1.1976561220085058e-01
  -7.2496612200850574e-02
  -9.7070612200850614e-02
  -9.4306612200850570e-02
  -4.5716612200850604e-02
  -1.3246461220085060e-01
  -1.3708612200850567e-02
  -3.2945612200850571e-02
   8.7279387799149399e-02
   9.2682387799149418e-02
  -2.1909261220085058e-01
  -2.3103961220085062e-01
  -2.1008661220085062e-01
  -1.8077761220085059e-01
  -2.8569461220085063e-01
  -2.0062161220085062e-01
  -2.2858861220085058e-01
  -1.6967612200850579e-02
  -3.4904261220085059e-01
  -2.9134861220085057e-01
  -2.5006561220085061e-01
  -2.3475661220085059e-01
  -9.9571612200850590e-02
   9.5423877991493988e-03
  -3.5773161220085065e-01
  -3.4458561220085054e-01
  -3.2226561220085054e-01
  -3.4080461220085062e-01
  -3.3734261220085054e-01
  -3.4340761220085064e-01
  -3.2274361220085063e-01
  -1.5225761220085060e-01
  -1.4415061220085057e-01
  -8.7156612200850581e-02
   8.1400387799149404e-02
  -2.8918561220085054e-01
  -2.5737561220085065e-01
  -2.0695561220085057e-01
  -1.3401961220085057e-01
  -1.3504061220085062e-01
  -2.7688461220085064e-01
  -2.6373461220085054e-01
  -2.7947261220085057e-01
  -2.3865961220085058e-01
  -2.4274161220085061e-01
  -1.6310261220085059e-01
  -7.4913612200850577e-02
   2.9230387799149410e-02
  -6.2765612200850585e-02
  -1.2592061220085060e-01
  -1.1373061220085057e-01
  -3.2429961220085063e-01
  -2.9881061220085064e-01
  -2.4488161220085064e-01
  -2.1121361220085061e-01
  -2.3774061220085058e-01
  -1.8874961220085057e-01
  -2.2266661220085060e-01
  -1.3592661220085062e-01
  -1.4498861220085058e-01
  -1.5489561220085057e-01
  -1.7835661220085058e-01
  -1.7882961220085059e-01
  -1.4547661220085062e-01
  -1.8115761220085058e-01
  -1.1994261220085062e-01
  -1.2917761220085061e-01
  -1.6097661220085058e-01
  -2.0998861220085058e-01
  -8.2281612200850618e-02
  -5.8817612200850578e-02
  -4.1341612200850586e-02
   1.6043877991493982e-03
  -4.2292612200850566e-02
  -5.0215612200850579e-02
  -1.7585612200850587e-02
   2.1735387799149408e-02
   3.3302387799149402e-02
   1.6918387799149420e-02
  -3.9038661220085064e-01
  -3.1869861220085055e-01
  -3.1528961220085056e-01
  -3.0490061220085057e-01
  -2.4725361220085057e-01
  -2.8829661220085062e-01
  -2.0897361220085059e-01
  -1.9511861220085058e-01
  -2.0824561220085058e-01
  -2.1206361220085057e-01
  -1.5915061220085058e-01
  -1.9467261220085058e-01
  -2.6004861220085057e-01
  -1.8385661220085059e-01
  -2.0424761220085058e-01
  -2.7793961220085056e-01
  -2.3704161220085057e-01
  -2.9925961220085057e-01
  -1.6934461220085062e-01
  -2.7061861220085054e-01
  -2.7859761220085061e-01
  -3.0681261220085060e-01
  -2.1559761220085061e-01
  -1.7033761220085059e-01
  -1.5073761220085058e-01
  -1.7244561220085058e-01
  -1.9075761220085058e-01
  -1.6412661220085062e-01
  -1.4357361220085058e-01
  -1.2176061220085060e-01
  -1.5382261220085058e-01
  -7.3002612200850581e-02
  -1.1463361220085061e-01
  -1.1029361220085060e-01
  -1.7068761220085060e-01
  -5.8618612200850573e-02
  -9.7538612200850583e-02
  -4.1735612200850591e-02
  -7.8423612200850590e-02
  -1.0071612200850566e-02
   1.7588387799149396e-02
  -2.0741461220085061e-01
  -1.6228161220085058e-01
  -1.8309361220085058e-01
  -7.1988612200850566e-02
  -1.9158461220085060e-01
  -3.9222061220085064e-01
  -2.3563461220085058e-01
  -2.4568761220085061e-01
  -2.3216961220085058e-01
  -2.4838761220085054e-01
  -2.6154461220085062e-01
  -1.8625361220085057e-01
  -2.1890761220085059e-01
  -2.5304961220085059e-01
  -2.2623861220085062e-01
  -2.2244061220085060e-01
  -2.2184361220085058e-01
  -1.9089561220085061e-01
  -2.0312361220085057e-01
  -1.6767961220085059e-01
  -1.1695361220085060e-01
  -1.5548061220085058e-01
  -1.8277661220085062e-01
  -2.0772861220085059e-01
  -1.7190361220085060e-01
  -1.8114661220085060e-01
  -2.0229361220085057e-01
  -1.9894861220085058e-01
  -7.4608612200850577e-02
  -9.6402612200850613e-02
  -1.1420361220085057e-01
  -1.1776361220085058e-01
  -8.5807612200850591e-02
   1.3318773877991494e+00
   1.2426273877991494e+00
  -1.4485861220085061e-01
  -1.8280361220085062e-01
  -1.8028261220085057e-01
  -1.9746061220085059e-01
  -2.2593261220085059e-01
  -2.0302161220085058e-01
  -1.2492961220085058e-01
  -1.4452661220085061e-01
  -1.8357861220085059e-01
  -1.2963861220085060e-01
  -1.7833761220085059e-01
  -1.4151961220085058e-01
  -1.5143761220085061e-01
  -9.3130612200850615e-02
   1.0091233877991495e+00
   9.7376638779914937e-01
   1.3093843877991493e+00
  -1.8508661220085060e-01
  -1.8428761220085060e-01
  -1.2740761220085062e-01
  -7.5365612200850585e-02
   1.3810573877991494e+00
   1.3698043877991493e+00
   7.5603238779914939e-01
   1.3381163877991493e+00
   1.2474683877991495e+00
   1.4137763877991494e+00
   1.2767813877991494e+00
   1.2079313877991493e+00
   1.3266293877991493e+00
   1.2103703877991494e+00
   1.5170837723517567e+00
   1.5864333877991494e+00
   1.1058763877991493e+00
   1.3560533877991494e+00
   1.4810683877991493e+00
  -8.8463612200850583e-02
   1.1125123877991494e+00
  -1.7878461220085057e-01
  -1.6512561220085059e-01
  -1.5469261220085057e-01
  -1.6378061220085061e-01
  -1.3873361220085056e-01
   1.1042253877991495e+00
   1.3448573877991494e+00
   1.3213313877991493e+00
   1.2286973877991494e+00
   1.1805693877991494e+00
   1.1770453877991494e+00
   1.5328823877991493e+00
   1.2594573877991495e+00
  -1.8559361220085058e-01
   1.2580273877991495e+00
   1.3325453877991493e+00
   1.3117893877991493e+00
   1.2950233877991493e+00
   1.3004623877991492e+00
   1.2204773877991495e+00
   1.5478283877991494e+00
   1.3595653877991494e+00
   2.0210393877991493e+00
   1.3859013877991493e+00
   1.3301513877991493e+00
   1.4202163877991494e+00
   1.4990503877991495e+00
   1.4609483877991494e+00
   1.4414253877991494e+00
   1.6331793877991494e+00
   1.4406263877991494e+00
   1.3316743877991493e+00
   1.3151303877991494e+00
   1.3122313877991494e+00
   1.3799243877991494e+00
   1.4413373877991493e+00
   1.2213723877991494e+00
   1.2772473877991493e+00
   1.1622593877991494e+00
   1.4927653877991494e+00
   1.4551333877991492e+00
   2.2875303877991495e+00
   2.2413493877991493e+00
   2.4043293877991494e+00
   2.3026363877991494e+00
   2.3066193877991497e+00
   2.2247113877991493e+00
   2.2871013877991495e+00
   2.2459563877991493e+00
   2.2635263877991494e+00
   2.2742713877991494e+00
   2.2780323877991497e+00
   2.2354073877991496e+00
   2.2597693877991496e+00
   2.4038163877991496e+00
   2.3993103877991495e+00
   2.3708423877991494e+00
   2.3070803877991497e+00
   2.3278883877991494e+00
   2.3531443877991496e+00
   2.3596913877991494e+00
   2.3155173877991495e+00
   1.4403733877991494e+00
   1.5782753877991493e+00
   2.3174893877991494e+00
   1.2594123877991494e+00
   1.3318313877991494e+00
   1.2899623877991493e+00
   1.2722543877991495e+00
   2.1818793877991496e+00
   2.1467293877991493e+00
   2.2889093877991495e+00
   2.2504173877991493e+00
   2.2693343877991494e+00
   2.3316003877991496e+00
   2.2314913877991494e+00
   2.3422253877991497e+00
   2.3487423877991498e+00
   2.3889623877991495e+00
   2.3279533877991496e+00
   2.2839493877991495e+00
   2.3984503877991497e+00
   2.3841163877991494e+00
   2.3893223877991496e+00
   2.3162153877991494e+00
   2.1619623877991496e+00
   2.1329203877991496e+00
   1.5023363877991494e+00
   1.2730763877991493e+00
   1.3182333877991494e+00
   1.2399533877991493e+00
   1.4994323877991493e+00
   1.1934603877991494e+00
   1.2734353877991493e+00
   1.2585663877991493e+00
   2.1473783877991495e+00
   2.1662203877991493e+00
   1.5761723877991494e+00
   1.5278883877991494e+00
   2.2889383877991496e+00
   2.1815543877991495e+00
   1.3921603877991493e+00
   1.3965183877991494e+00
   2.0809493877991496e+00
   2.0986733877991495e+00
   2.1992493877991492e+00
   2.3273523877991495e+00
   2.1448403877991495e+00
   2.2192133877991496e+00
   2.2391073877991494e+00
   2.2395683877991495e+00
   2.2806353877991494e+00
   2.2281993877991493e+00
   2.2551173877991495e+00
   2.3716443877991495e+00
   2.3933123877991496e+00
   2.3841343877991497e+00
   2.3260693877991496e+00
   1.6242043877991494e+00
   2.2786083877991494e+00
   1.2677643877991494e+00
   1.2588213877991494e+00
   1.4365293877991494e+00
   1.4532203877991494e+00
   1.2536663877991494e+00
   1.2619153877991494e+00
   1.4730863877991494e+00
   2.2513413877991493e+00
   2.3734593877991497e+00
   2.3382303877991495e+00
   1.2898313877991494e+00
   2.1757103877991493e+00
   2.2608263877991495e+00
   2.1900083877991494e+00
   2.1239553877991493e+00
   2.3448063877991494e+00
   2.4180003877991494e+00
   2.3612613877991495e+00
   2.3741213877991494e+00
   2.4051783877991495e+00
   2.4107223877991495e+00
   2.4166853877991494e+00
   2.4142533877991497e+00
   2.3488433877991497e+00
   2.3732743877991496e+00
   2.4096743877991496e+00
   2.3642283877991495e+00
   2.3975093877991496e+00
   2.3422833877991498e+00
   2.3236163877991496e+00
   2.3630873877991494e+00
   2.3430723877991495e+00
   2.3593173877991496e+00
   2.3172993877991495e+00
   2.3692323877991495e+00
   2.3628763877991497e+00
   2.3666123877991496e+00
   2.3277493877991495e+00
   2.3771183877991495e+00
   2.3469973877991497e+00
   2.3375523877991498e+00
   2.2205803877991497e+00
   2.1817013877991496e+00
   2.2841013877991494e+00
   2.3774503877991497e+00
   1.6056013877991493e+00
   2.3330473877991498e+00
   2.3593553877991496e+00
   2.2376063877991497e+00
   2.2786503877991495e+00
   1.3866543877991493e+00
   1.2342373877991495e+00
   2.3270203877991498e+00
   2.2635423877991494e+00
   1.2709053877991494e+00
   1.3117903877991492e+00
   1.3174273877991494e+00
   2.3784853877991496e+00
   2.3675603877991498e+00
   1.2407843877991493e+00
   1.2678113877991493e+00
   1.5665853877991494e+00
   2.2931363877991497e+00
   2.2932673877991494e+00
   2.2561963877991493e+00
   2.2839023877991496e+00
   2.2419003877991495e+00
   2.2373473877991494e+00
   2.2358023877991493e+00
   2.2439723877991495e+00
   2.2377583877991496e+00
   2.2257543877991495e+00
   2.2234463877991493e+00
   2.2221763877991494e+00
   2.2133373877991493e+00
   2.1962423877991495e+00
   2.1900783877991494e+00
   2.1889273877991493e+00
   2.0919223877991495e+00
   2.0602193877991493e+00
   1.5957143877991493e+00
   1.5972133877991495e+00
   1.5969873877991494e+00
   1.6094933877991493e+00
   1.6228733877991492e+00
   2.1557893877991496e+00
   2.1441413877991495e+00
   2.1200193877991493e+00
   2.1129963877991496e+00
   1.2389303877991493e+00
   1.2886353877991494e+00
   2.1283053877991494e+00
   2.1699743877991495e+00
   1.5903493877991493e+00
   1.5695343877991494e+00
   1.5576683877991493e+00
   2.2994003877991496e+00
   2.3790453877991498e+00
   2.3828803877991498e+00
   2.4014583877991496e+00
   2.3090783877991496e+00
   2.3117683877991495e+00
   2.3434553877991497e+00
   2.3850883877991498e+00
   2.3991733877991495e+00
   2.3222073877991494e+00
   2.3295073877991497e+00
   2.3376273877991496e+00
   2.3635193877991494e+00
   2.2774013877991495e+00
   1.2504293877991495e+00
   1.2100563877991495e+00
   1.2910403877991494e+00
   1.2918143877991493e+00
   1.2500953877991494e+00
   1.2128373877991494e+00
   1.2496783877991493e+00
   1.2341173877991494e+00
   1.2497583877991494e+00
   1.2495863877991493e+00
   1.2092813877991495e+00
   1.2071083877991493e+00
   1.2477363877991494e+00
   1.2342433877991494e+00
   1.2480423877991493e+00
   1.2095153877991494e+00
   1.2097733877991494e+00
   2.3191603877991498e+00
   2.2811073877991497e+00
   2.2776863877991498e+00
   2.2471903877991495e+00
   2.2719653877991495e+00
   2.2530423877991494e+00
   2.2225603877991493e+00
   2.2650153877991497e+00
   2.0837853877991495e+00
   2.1165083877991493e+00
   1.5875903877991493e+00
   1.5995413877991493e+00
   2.3791583877991496e+00
   2.3347803877991495e+00
   2.3403513877991498e+00
   2.2754253877991495e+00
   2.3396733877991496e+00
   2.3043503877991496e+00
   2.2719923877991497e+00
   2.3856153877991497e+00
   2.3656083877991496e+00
   2.3424953877991497e+00
   2.4112093877991496e+00
   2.3500973877991496e+00
   2.3228313877991495e+00
   2.3617873877991498e+00
   2.1320493877991495e+00
   2.1145113877991495e+00
   2.1581833877991494e+00
   2.1300433877991494e+00
   2.2061253877991494e+00
   2.1367643877991496e+00
   2.1206933877991494e+00
   1.2074183877991493e+00
   2.1531093877991494e+00
   2.1349143877991494e+00
   1.1826603877991495e+00
   1.2535633877991494e+00
   1.2295783877991493e+00
   1.2110153877991494e+00
   1.2148853877991495e+00
   1.2215213877991493e+00
   1.3025103877991493e+00
   1.5699343877991494e+00
   1.5504073877991493e+00
   2.3408953877991494e+00
   2.3678103877991497e+00
   2.1832233877991496e+00
   2.2300213877991495e+00
   2.2810873877991495e+00
   2.2380433877991495e+00
   2.3307813877991497e+00
   2.3158693877991494e+00
   2.2921103877991498e+00
   2.2098773877991493e+00
   2.2967163877991497e+00
   2.2810423877991495e+00
   2.2653463877991498e+00
   2.2278003877991495e+00
   2.2339463877991497e+00
   2.1762213877991496e+00
   2.2483553877991493e+00
   1.4081493877991493e+00
   1.4206613877991494e+00
   2.1012153877991495e+00
   2.1347563877991496e+00
   1.5986563877991493e+00
   1.4094413877991494e+00
   2.1312753877991493e+00
   1.5562663877991494e+00
   1.5621013877991494e+00
   1.5940073877991494e+00
   1.5788913877991493e+00
   2.0421663877991496e+00
   2.0895343877991497e+00
   2.1047173877991496e+00
   2.1375863877991494e+00
   2.0317373877991494e+00
   1.2420993877991493e+00
   1.5390973877991494e+00
   1.5531943877991494e+00
   1.5816093877991493e+00
   1.5790673877991495e+00
   1.5785863877991493e+00
   1.5835373877991494e+00
   1.6078013877991493e+00
   2.0395433877991493e+00
   1.6479363877991493e+00
   1.2029333877991495e+00
   2.1087103877991495e+00
   2.1727373877991494e+00
   2.1051243877991497e+00
   1.3145123877991494e+00
   1.3096713877991493e+00
   2.1413743877991496e+00
   1.3171553877991493e+00
   1.3272233877991493e+00
   2.1411803877991495e+00
   2.0901713877991495e+00
   2.2211243877991493e+00
   2.4073983877991494e+00
   2.3374273877991496e+00
   2.3518473877991495e+00
   2.3167293877991497e+00
   2.3646683877991497e+00
   2.3121263877991494e+00
   2.3248033877991494e+00
   2.2761523877991494e+00
   2.3140473877991496e+00
   1.4158333877991494e+00
   2.2882893877991495e+00
   2.2863513877991495e+00
   2.2777873877991497e+00
   2.3384743877991494e+00
   1.3031053877991494e+00
   2.2591573877991493e+00
   2.2767523877991498e+00
   2.2501833877991495e+00
   2.2369593877991494e+00
   2.2580413877991496e+00
   2.2091963877991496e+00
   2.2045843877991493e+00
   2.2495023877991493e+00
   2.2619433877991497e+00
   2.2397023877991495e+00
   2.2095533877991493e+00
   1.1730593877991493e+00
   1.1442563877991494e+00
   1.2430213877991494e+00
   1.1765863877991494e+00
   2.2288733877991493e+00
   2.1875843877991494e+00
   2.2113083877991495e+00
   2.1606703877991493e+00
   1.4993663877991494e+00
   1.5185993877991493e+00
   2.1192223877991494e+00
   2.3543213877991498e+00
   2.3448403877991497e+00
   2.3459733877991495e+00
   2.3024513877991497e+00
   2.4044013877991497e+00
   2.3036113877991498e+00
   2.2781983877991494e+00
   2.2603603877991496e+00
   2.3303253877991494e+00
   2.2661233877991496e+00
   2.2385483877991494e+00
   2.2536703877991493e+00
   1.4283123877991493e+00
   2.2382283877991496e+00
   1.4916043877991494e+00
   1.4837463877991492e+00
   1.3139823877991494e+00
   1.3611603877991494e+00
   1.3547863877991493e+00
   1.2141053877991494e+00
   2.2240933877991496e+00
   2.0681573877991495e+00
   2.0829983877991496e+00
   2.2981773877991496e+00
   2.3142823877991496e+00
   2.3316363877991497e+00
   2.2966843877991496e+00
   2.2493603877991495e+00
   1.3956543877991494e+00
   2.2451913877991494e+00
   2.2951423877991495e+00
   2.2755873877991495e+00
   2.2954583877991497e+00
   1.4762523877991494e+00
   1.4989793877991493e+00
   1.4605643877991494e+00
   1.4795733877991493e+00
   2.1550313877991494e+00
   2.1592293877991495e+00
   2.2183643877991495e+00
   2.2195913877991496e+00
   2.2161333877991494e+00
   2.2141733877991494e+00
   1.1896533877991493e+00
   1.3954093877991494e+00
   2.1634463877991497e+00
   2.2121523877991494e+00
   2.1915773877991493e+00
   2.1671613877991494e+00
   2.2319243877991495e+00
   2.2186163877991496e+00
   1.5463943877991493e+00
   1.2538473877991494e+00
   2.1340903877991493e+00
   1.2107533877991494e+00
   2.1659903877991495e+00
   1.5175613877991494e+00
   1.2571763877991493e+00
   1.3738703877991494e+00
   1.5735393877991493e+00
   1.5424563877991493e+00
   1.5482163877991493e+00
   2.0516733877991493e+00
   1.3650583877991493e+00
   1.2021593877991494e+00
   1.2462213877991495e+00
   1.2664393877991493e+00
   1.1597573877991494e+00
   1.2678493877991495e+00
   1.2714343877991494e+00
   1.2756553877991494e+00
   1.3560923877991493e+00
   1.2938853877991494e+00
   1.3843493877991493e+00
   1.3467723877991493e+00
   1.3090843877991494e+00
   1.2601183877991493e+00
   1.2640923877991495e+00
   1.2698703877991493e+00
   1.3041633877991494e+00
   1.4020533877991495e+00
   1.3148013877991493e+00
   1.2538133877991493e+00
   1.2876303877991493e+00
   1.2917203877991494e+00
   1.3363873877991495e+00
   1.3331053877991494e+00
   1.3397343877991494e+00
   1.2739023877991493e+00
   1.2780673877991493e+00
   1.3802623877991493e+00
   1.1711983877991494e+00
   1.3199093877991495e+00
   2.3109703877991494e+00
   2.3207013877991494e+00
   1.2212273877991493e+00
   1.1974733877991495e+00
   1.2830963877991493e+00
   1.1920153877991495e+00
   1.5865043877991494e+00
   1.3773513877991495e+00
   1.4892803877991494e+00
   1.1622133877991494e+00
   1.1847593877991494e+00
   1.5243393877991493e+00
   1.5552993877991494e+00
   1.4872353877991493e+00
   2.2831113877991496e+00
   2.2932153877991497e+00
   2.3220893877991498e+00
   2.2938513877991498e+00
   2.2936463877991495e+00
   2.2791613877991495e+00
   2.2874073877991496e+00
   2.2867103877991495e+00
   2.2566593877991497e+00
   1.4740513877991495e+00
   1.8343583877991494e+00
   1.7736693877991494e+00
   1.7586773877991493e+00
   1.8064043877991494e+00
   1.7859713877991494e+00
   1.7931363877991493e+00
   1.6665063877991493e+00
   1.7041533877991493e+00
   1.5174013877991495e+00
   1.3918783877991494e+00
   2.2407973877991494e+00
   2.1716023877991493e+00
   2.1659963877991495e+00
   2.1444733877991493e+00
   1.1242203877991495e+00
   1.5622263877991494e+00
   1.7830863877991494e+00
   1.1305833877991494e+00
   1.2140993877991495e+00
   1.1967683877991495e+00
   1.1321953877991493e+00
   1.1844313877991495e+00
   1.1413733877991494e+00
   1.1841343877991495e+00
   1.1589893877991495e+00
   1.1599213877991494e+00
   1.1647323877991493e+00
   1.1656973877991494e+00
   1.1673893877991495e+00
   1.1727553877991495e+00
   1.1816813877991494e+00
   1.2083813877991494e+00
   1.1765093877991495e+00
   1.2089343877991494e+00
   1.1886633877991495e+00
   1.2126723877991494e+00
   1.2213463877991495e+00
   1.5204803877991493e+00
   1.4382563877991494e+00
   1.4737723877991493e+00
   1.5197663877991494e+00
   1.5680883877991494e+00
   1.4938593877991493e+00
   1.4548693877991494e+00
   1.4959273877991492e+00
   1.8450533877991493e+00
   1.8301423877991494e+00
   1.8426853877991494e+00
   1.7568973877991494e+00
   1.4406683877991493e+00
   1.4297913877991493e+00
   1.4470413877991493e+00
   1.4645783877991494e+00
   1.4832893877991493e+00
   1.5177983877991494e+00
   1.5077063877991495e+00
   1.4899773877991493e+00
   1.5317363877991494e+00
   1.5360663877991494e+00
   1.4647813877991493e+00
   1.5335083877991493e+00
   1.5286753877991492e+00
   1.9746623877991494e+00
   1.9744413877991494e+00
   1.9566063877991493e+00
   1.9750063877991493e+00
   1.5498063877991493e+00
   1.9556503877991493e+00
   1.9605243877991494e+00
   1.5453063877991493e+00
   1.5332633877991493e+00
   1.5463653877991494e+00
   2.0578483877991496e+00
   1.9652973877991493e+00
   1.5319043877991494e+00
   1.5294013877991492e+00
   1.5473813877991494e+00
   1.9749363877991493e+00
   1.4988263877991495e+00
   8.7625338779914941e-01
   1.4906713877991493e+00
   1.5324333877991494e+00
   1.5024653877991494e+00
   1.4684803877991492e+00
   1.4895593877991493e+00
   1.4922953877991494e+00
   1.5065973877991494e+00
   1.4970693877991494e+00
   1.5478413877991493e+00
   1.3570913877991493e+00
   2.0755493877991493e+00
   2.0823753877991495e+00
   2.0534623877991494e+00
   2.0628703877991494e+00
   2.0662913877991493e+00
   2.0654763877991495e+00
   2.0720583877991494e+00
   1.4309983877991495e+00
   1.4507233877991494e+00
   1.2254523877991494e+00
   2.0790063877991494e+00
   1.4906213877991494e+00
   1.5324423877991493e+00
   2.1692973877991495e+00
   1.2225973877991494e+00
   2.2594943877991494e+00
   1.2998603877991493e+00
   1.2479853877991494e+00
   1.4508593877991494e+00
   1.4718843877991494e+00
   1.3117933877991494e+00
   1.2914783877991494e+00
   1.3181723877991494e+00
   1.2857173877991495e+00
   1.3254883877991495e+00
   1.3152883877991493e+00
   2.3210423877991495e+00
   1.2967533877991493e+00
   1.4115773877991493e+00
   1.3096263877991494e+00
   1.3099093877991494e+00
   2.5051703347453027e+00
  -4.1876122008505656e-03
  -3.0016861220085062e-01
  -3.2410261220085063e-01
  -3.0637161220085057e-01
  -3.6468661220085058e-01
  -3.3511061220085064e-01
  -3.4492361220085060e-01
  -3.6184061220085056e-01
  -3.1069461220085054e-01
  -3.3272061220085064e-01
  -3.5349661220085055e-01
  -3.2791561220085058e-01
  -3.2066261220085063e-01
  -2.8636461220085058e-01
  -2.7623461220085060e-01
  -2.7162061220085060e-01
  -2.1926161220085061e-01
  -3.5428961220085059e-01
  -2.8971561220085057e-01
  -3.4339461220085060e-01
  -3.1894561220085055e-01
  -3.0110061220085055e-01
  -2.1405361220085062e-01
  -2.4274861220085059e-01
  -2.2914561220085061e-01
  -3.9921361220085055e-01
  -3.1931561220085064e-01
  -3.4898961220085062e-01
  -3.4632461220085059e-01
  -2.8399761220085057e-01
  -3.5042761220085056e-01
  -3.6940761220085055e-01
  -3.1127461220085056e-01
  -3.0206261220085057e-01
  -3.5537761220085057e-01
  -3.5266761220085058e-01
  -3.5443261220085059e-01
  -3.8800161220085055e-01
  -3.1519161220085062e-01
  -3.5104061220085064e-01
  -3.5063761220085060e-01
  -3.8592461220085056e-01
  -3.5326961220085057e-01
  -3.8424261220085060e-01
  -3.5698661220085054e-01
  -3.1208661220085060e-01
  -3.8533261220085063e-01
  -3.4880861220085063e-01
  -4.9794443379967135e-01
  -2.4504861220085056e-01
  -2.1910561220085062e-01
  -3.0857861220085064e-01
  -3.0988761220085054e-01
  -3.4956261220085055e-01
  -1.7629861220085058e-01
  -2.5150861220085058e-01
  -3.3640661220085061e-01
  -3.1264661220085060e-01
  -2.4663061220085064e-01
  -2.4560761220085064e-01
  -2.4571061220085061e-01
  -2.9893161220085057e-01
  -2.0681061220085062e-01
  -2.0035661220085060e-01
  -2.4786761220085057e-01
  -3.1742461220085055e-01
  -2.4754161220085064e-01
  -1.6359261220085058e-01
  -2.1723761220085058e-01
  -2.2321061220085059e-01
  -2.2082761220085056e-01
  -2.0958361220085059e-01
  -1.4893361220085061e-01
  -1.7843161220085058e-01
  -1.6455661220085060e-01
  -1.4724761220085059e-01
  -1.5738461220085059e-01
  -1.4590661220085061e-01
  -9.8170612200850604e-02
  -1.1081161220085062e-01
  -2.9243661220085054e-01
  -2.9735761220085061e-01
  -2.6743061220085057e-01
  -2.6827661220085058e-01
  -3.2715261220085062e-01
  -3.1910261220085062e-01
  -3.1231761220085058e-01
  -3.2416961220085055e-01
  -3.2387861220085062e-01
  -2.6043561220085060e-01
  -2.6475361220085064e-01
  -2.7704161220085061e-01
  -2.7854561220085056e-01
  -2.2809061220085058e-01
  -2.7215061220085063e-01
  -1.9823761220085057e-01
  -1.9516961220085061e-01
  -1.8309661220085061e-01
  -2.2023561220085058e-01
  -2.3500861220085062e-01
  -1.9675661220085061e-01
  -2.3036961220085062e-01
  -2.2463161220085059e-01
  -1.5618361220085059e-01
  -1.7300261220085061e-01
  -2.4431861220085055e-01
  -2.2013261220085062e-01
  -1.1498461220085060e-01
  -1.8167161220085060e-01
  -1.7152561220085061e-01
  -1.4361861220085059e-01
  -8.2368612200850566e-02
  -5.9915612200850565e-02
  -1.2303612200850578e-02
  -2.0558612200850590e-02
   1.8823387799149410e-02
   4.5110387799149415e-02
  -5.0491612200850577e-02
  -4.4515612200850596e-02
   1.9833387799149421e-02
  -2.2566612200850600e-02
  -1.3126612200850596e-02
  -5.4864612200850593e-02
   5.5394387799149403e-02
  -2.3665361220085057e-01
   1.8052387799149416e-02
  -3.1560761220085060e-01
  -3.0059161220085057e-01
  -3.2566261220085063e-01
  -8.1082612200850612e-02
   5.3933877991493850e-03
   3.0617387799149409e-02
  -5.5236122008505695e-03
  -3.0613461220085064e-01
  -2.9038161220085063e-01
  -3.0993461220085056e-01
  -2.6492761220085054e-01
  -3.0820061220085054e-01
  -2.5672461220085058e-01
  -3.2975561220085065e-01
  -2.8884561220085064e-01
  -2.8428161220085063e-01
  -3.1717761220085056e-01
  -3.4305261220085054e-01
  -3.3158061220085061e-01
  -2.5893761220085060e-01
  -2.8657661220085057e-01
  -3.2664661220085062e-01
  -3.2140361220085062e-01
  -2.6684261220085054e-01
  -3.1315661220085061e-01
  -2.2805961220085058e-01
  -2.5597561220085058e-01
  -2.8390861220085056e-01
  -1.1475361220085062e-01
  -3.7377612200850618e-02
   2.6437387799149420e-02
  -3.6785661220085059e-01
  -3.5663161220085055e-01
  -3.5696561220085060e-01
  -3.3551661220085055e-01
  -3.4165961220085056e-01
  -3.3281861220085057e-01
   5.7197438779914944e-01
   5.1706238779914937e-01
   5.5891438779914937e-01
  -1.7290861220085058e-01
  -2.2038861220085060e-01
  -2.2874661220085057e-01
  -1.7161461220085061e-01
  -3.8146561220085057e-01
  -3.8304361220085065e-01
  -3.8233761220085055e-01
  -3.8462161220085062e-01
  -3.6698961220085063e-01
  -2.8907361220085054e-01
  -2.4240661220085064e-01
  -2.4978461220085063e-01
  -2.2914361220085061e-01
  -2.3763761220085061e-01
  -2.5638461220085057e-01
  -2.7734961220085058e-01
  -2.6969361220085059e-01
  -2.6748161220085059e-01
  -1.4952361220085059e-01
  -1.7027361220085058e-01
  -1.8174861220085059e-01
  -2.1193761220085061e-01
  -1.7043861220085060e-01
  -2.2575161220085060e-01
  -1.5653561220085060e-01
  -1.6328061220085061e-01
  -1.4664261220085062e-01
  -1.2022561220085060e-01
  -9.8900612200850613e-02
  -1.4357861220085061e-01
  -7.3649612200850589e-02
  -1.0316261220085060e-01
  -2.8404612200850610e-02
  -4.2258612200850587e-02
  -2.8975161220085061e-01
  -3.2676061220085056e-01
  -3.5837261220085054e-01
  -2.7995761220085064e-01
  -3.6220661220085054e-01
  -4.0380061220085056e-01
  -4.0370861220085058e-01
  -2.8055161220085062e-01
  -3.1715861220085056e-01
  -3.6736861220085054e-01
  -3.8172161220085060e-01
  -2.5147761220085058e-01
  -3.1767061220085063e-01
  -2.8273661220085061e-01
  -2.8096861220085062e-01
  -3.0961161220085059e-01
  -2.5180661220085060e-01
  -2.3731961220085057e-01
  -2.5346061220085064e-01
  -3.1782861220085062e-01
  -2.0243761220085060e-01
  -2.0552261220085061e-01
  -1.5218061220085061e-01
  -1.4883861220085060e-01
  -2.3203761220085062e-01
  -2.3935761220085056e-01
  -2.0159961220085060e-01
  -2.1513261220085061e-01
  -2.1029461220085061e-01
  -1.2266261220085062e-01
  -1.6461261220085061e-01
  -6.5539612200850583e-02
  -9.3526612200850567e-02
  -5.6946612200850566e-02
   6.6466338779914946e-01
   5.4709238779914937e-01
   6.8450738779914944e-01
  -1.2914861220085061e-01
   5.8387138779914949e-01
   5.8362038779914949e-01
   5.8363238779914939e-01
   5.3064038779914946e-01
   5.8965338779914944e-01
  -1.9911761220085061e-01
  -2.6069761220085058e-01
  -2.2352261220085057e-01
  -2.0141461220085061e-01
  -2.2258261220085057e-01
  -1.7479961220085061e-01
  -2.0648061220085057e-01
  -2.1201961220085058e-01
  -1.6305561220085057e-01
  -2.1822361220085057e-01
  -1.5774861220085057e-01
   5.5570838779914933e-01
  -1.2534361220085061e-01
  -8.2092612200850568e-02
  -5.9390612200850568e-02
  -5.9111612200850594e-02
  -6.7513612200850615e-02
   5.5963338779914940e-01
  -4.9140612200850586e-02
  -8.7283612200850569e-02
  -8.6671612200850567e-02
  -7.9534612200850618e-02
  -7.0331612200850602e-02
  -6.7539612200850585e-02
  -2.1155612200850604e-02
  -8.9206122008506084e-03
  -3.6616612200850607e-02
  -1.4793612200850570e-02
  -1.5971612200850582e-02
  -5.9226122008506077e-03
   9.5293877991494136e-03
  -3.4836961220085055e-01
  -3.4769461220085057e-01
  -3.9458161220085058e-01
  -3.4678461220085061e-01
  -3.9060861220085058e-01
  -3.8835561220085063e-01
  -3.6063161220085055e-01
  -3.9236361220085064e-01
  -3.5945361220085065e-01
  -3.8163161220085057e-01
  -3.4182861220085065e-01
  -3.7507561220085056e-01
  -3.3690661220085055e-01
  -3.3561361220085056e-01
  -3.6734361220085060e-01
  -3.8757061220085059e-01
  -3.2143361220085059e-01
  -3.6096661220085063e-01
  -3.3579561220085058e-01
  -3.8669761220085058e-01
  -4.0905561220085057e-01
  -4.0798561220085056e-01
  -4.0132961220085056e-01
  -3.8173161220085056e-01
  -3.3838461220085064e-01
  -3.3546061220085061e-01
  -3.6571461220085061e-01
  -2.5414661220085061e-01
  -4.0080061220085056e-01
  -3.2120161220085058e-01
  -3.4397561220085054e-01
  -3.4305861220085060e-01
  -2.8676661220085059e-01
  -3.7391961220085063e-01
  -3.5266161220085063e-01
   4.5587387799149420e-02
   2.9535638779914941e-01
  -1.8877861220085057e-01
  -3.0880761220085057e-01
   4.5434538779914940e-01
  -3.8796061220085060e-01
   3.7760138779914942e-01
  -3.8767261220085064e-01
  -3.7097612200850616e-02
   3.8567738779914940e-01
   1.0770938779914940e-01
   3.0042638779914943e-01
  -2.5805061220085063e-01
  -2.4241261220085059e-01
  -2.5329161220085056e-01
   1.5203738779914941e-01
   9.3440387799149399e-02
   2.3210238779914941e-01
   1.2916238779914940e-01
   1.4453838779914940e-01
   1.1959238779914941e-01
   1.1532938779914942e-01
   3.4967038779914938e-01
   2.9847538779914939e-01
   1.0585438779914941e-01
   2.6573138779914940e-01
   3.4165038779914941e-01
  -3.7162061220085058e-01
   2.5135638779914943e-01
   2.4050338779914940e-01
   1.0134538779914939e-01
   3.5637238779914943e-01
   9.5365387799149409e-02
  -4.1720861220085054e-01
   5.0775387799149418e-02
  -1.1218961220085061e-01
   2.5729038779914942e-01
   3.1642938779914942e-01
   3.9344138779914939e-01
   2.0722638779914940e-01
   2.9728638779914940e-01
   2.4826438779914942e-01
   5.2590838779914939e-01
  -3.2120861220085056e-01
  -3.5070961220085056e-01
  -4.1989161220085064e-01
  -2.7362721729527245e-01
  -2.9354161220085057e-01
  -4.1977661220085055e-01
  -3.4316661220085060e-01
  -3.0260761220085058e-01
  -4.1259861220085065e-01
   3.9126204803369380e-01
  -3.8092612200850584e-02
   3.9498803378703307e-01
   3.9658566889097557e-01
  -3.7869061220085060e-01
   4.5507387799149396e-02
   5.2316387799149405e-02
   1.9866338779914941e-01
   5.0137387799149419e-02
  -4.2713761220085061e-01
  -4.1731961220085062e-01
  -4.7450161220085058e-01
   2.6383338779914939e-01
   4.2432387799149401e-02
   2.9180138779914944e-01
   8.0501387799149421e-02
  -2.2166961220085057e-01
   3.3544838779914943e-01
   3.3972038779914943e-01
   3.5958738779914939e-01
   1.4956413877991495e+00
   1.4578083877991495e+00
   1.4479743877991493e+00
   1.5148343877991493e+00
   1.6010864732914101e+00
   1.4658353877991495e+00
   1.5538472973293711e+00
   1.5303833877991493e+00
   1.5487713877991494e+00
   1.4747893877991494e+00
   1.8213963877991493e+00
   1.5033053877991494e+00
   1.8311153877991493e+00
   1.7797883877991494e+00
   1.8358483877991494e+00
   1.8460493877991493e+00
   1.4874313877991494e+00
   1.6003903877991494e+00
   1.5620583877991494e+00
   1.4813353877991493e+00
   1.6293483877991493e+00
   2.2143913877991497e+00
   1.3237773877991494e+00
  -3.5761861220085062e-01
  -4.8057961220085060e-01
  -1.1035461220085058e-01
   1.2357338779914942e-01
   9.3639387799149404e-02
   3.6999738779914942e-01
   2.4249838779914940e-01
  -2.2499961220085057e-01
  -2.8223061220085061e-01
  -3.8135261220085054e-01
   4.5921338779914944e-01
   2.8608038779914940e-01
   2.8361638779914938e-01
   2.9322638779914939e-01
   1.3627838779914941e-01
   2.0344438779914942e-01
  -1.4178761220085057e-01
   1.4390193877991493e+00
  -8.5315612200850599e-02
  -8.8468612200850616e-02
  -1.9657961220085057e-01
  -2.0971261220085058e-01
  -2.5549561220085054e-01
  -1.9695961220085056e-01
  -2.4670661220085061e-01
  -1.0881461220085059e-01
   1.5536038779914940e-01
   1.0292638779914942e-01
   2.9560438779914944e-01
   1.6055938779914941e-01
   2.8847838779914942e-01
   3.4433938779914941e-01
   2.8596438779914940e-01
   2.6437938779914943e-01
   3.7571338779914942e-01
   3.5043438779914943e-01
   1.6243238779914942e-01
   9.5229387799149412e-02
   3.0028538779914943e-01
   1.0236638779914942e-01
   1.8382838779914940e-01
   3.0606387799149398e-02
   3.6509538779914941e-01
   1.2914038779914941e-01
   1.4881838779914941e-01
   1.5618238779914939e-01
   1.7350338779914942e-01
   2.9228138779914942e-01
   2.9543238779914943e-01
  -2.0200161220085061e-01
   3.7165538779914942e-01
   3.5722138779914941e-01
   2.5703638779914939e-01
   3.5259338779914939e-01
   3.3998438779914941e-01
   3.3939838779914944e-01
   1.0958838779914939e-01
   2.1545638779914941e-01
   2.1764738779914941e-01
   2.5518938779914940e-01
   2.4327838779914940e-01
   1.6864338779914939e-01
   2.4835638779914940e-01
   2.2520638779914942e-01
   3.5879738779914938e-01
   1.4396238779914941e-01
   3.5835338779914938e-01
   2.6253838779914940e-01
   2.1540553877991493e+00
   1.1502853877991495e+00
   1.1645023877991494e+00
   2.4185683877991497e+00
   1.1766493877991495e+00
   2.3914633877991496e+00
   2.4377353877991497e+00
   2.3961013877991495e+00
   2.4313383877991495e+00
   2.3906803877991494e+00
   1.3915983877991494e+00
   1.6237503877991493e+00
   2.1751043877991494e+00
   2.4095963877991498e+00
   2.1554823877991494e+00
   1.1683193877991493e+00
   1.6234063877991494e+00
   1.4698213877991493e+00
   1.2815923877991493e+00
   1.1536403877991495e+00
  -1.6672861220085061e-01
   1.0026638779914940e-01
  -1.1271561220085058e-01
  -7.6049612200850603e-02
   1.2870613877991492e+00
   1.2129723877991494e+00
   1.3000493877991492e+00
   1.3381953877991493e+00
  -7.7880612200850574e-02
   3.5441338779914944e-01
   6.9073877991494004e-03
  -7.9622612200850595e-02
  -1.5418961220085059e-01
  -1.3810861220085058e-01
   3.1698138779914942e-01
  -6.9260612200850613e-02
  -4.1582612200850577e-02
  -8.5158612200850581e-02
  -8.0674612200850593e-02
  -8.1165612200850612e-02
  -4.3316612200850590e-02
  -7.4410612200850601e-02
   2.8375238779914941e-01
   2.8768538779914943e-01
   1.3006243877991495e+00
   1.2764593877991492e+00
   1.5044438779914943e-01
   1.0995243877991494e+00
   1.5336833877991494e+00
   1.5082063877991494e+00
   2.2517233877991494e+00
   2.3565963877991494e+00
   1.1693403877991495e+00
   1.1699463877991494e+00
   1.1520613877991495e+00
   1.1666993877991494e+00
   2.4052063877991494e+00
   1.5111123877991492e+00
   2.4279763877991494e+00
   2.4349163877991495e+00
   1.4760003877991494e+00
   1.4779763877991494e+00
   2.4356353877991497e+00
   2.2533743877991497e+00
   1.1952703877991495e+00
   2.2322263877991495e+00
   2.1536463877991494e+00
   2.1052793877991496e+00
   2.2195273877991495e+00
   1.3900373877991494e+00
   1.4264493877991493e+00
   1.4153623877991492e+00
   2.4650438779914940e-01
   1.3437353877991494e+00
   1.4136953877991494e+00
   1.2826313877991493e+00
   1.4228433877991493e+00
   1.3929703877991493e+00
   1.3343223877991492e+00
   1.2182313877991493e+00
   1.9367793877991493e+00
  -4.0028161220085062e-01
  -4.4850861220085064e-01
  -1.9363961220085057e-01
  -2.4551561220085055e-01
  -1.0389061220085061e-01
  -1.1903161220085057e-01
   3.9034338779914940e-01
   1.0160638779914941e-01
   1.3103243877991493e+00
   1.2936003877991493e+00
   1.3007313877991493e+00
   1.3313583877991493e+00
   1.2369373877991494e+00
   1.3940773877991492e+00
   2.8103838779914941e-01
   2.9354938779914941e-01
  -6.5766612200850616e-02
  -9.7979612200850608e-02
  -1.0224161220085060e-01
   4.1982738779914941e-01
   4.1867438779914939e-01
   2.4245023877991496e+00
   2.4117193877991494e+00
   2.4008873877991497e+00
   1.4789433877991494e+00
   1.5270663877991493e+00
   2.4477973877991497e+00
   2.4002633877991495e+00
   1.4640263877991493e+00
   2.2275773877991494e+00
   2.3495213877991494e+00
   1.4577143877991494e+00
   2.3024983877991496e+00
   1.4540913877991493e+00
   1.4703043877991493e+00
   2.4486663877991495e+00
   1.9315213877991493e+00
  -8.8474612200850566e-02
  -1.9551561220085062e-01
   2.0938387799149416e-02
  -1.9060161220085059e-01
  -1.4559161220085060e-01
  -1.1014261220085059e-01
  -7.2354612200850599e-02
   2.7887738779914939e-01
  -2.0354161220085060e-01
   2.8308938779914938e-01
   2.7802638779914940e-01
  -9.9826122008506157e-03
   1.4081523877991493e+00
   1.4249733877991493e+00
   1.4142763877991493e+00
   1.5133773877991494e+00
   2.1276773877991495e+00
   2.3828743877991494e+00
   2.0799503877991494e+00
   1.4710453877991494e+00
   1.6363163877991493e+00
   2.2670723877991494e+00
   1.3299693877991494e+00
   2.1199433877991494e+00
   2.0288123877991495e+00
   2.0278823877991496e+00
   1.6342203877991492e+00
   2.0202953877991496e+00
   1.6043153877991494e+00
   2.0259463877991495e+00
   2.4284393877991497e+00
   2.3147583877991496e+00
   2.0270043877991495e+00
   1.6196283877991493e+00
   2.4416363877991496e+00
   2.4465123877991495e+00
   2.0295323877991494e+00
   2.1394293877991495e+00
   1.6624763877991493e+00
   2.0470833877991494e+00
   1.3871213877991493e+00
   1.3375933877991493e+00
   1.4252753877991493e+00
   4.5166387799149416e-02
   3.1305738779914938e-01
  -2.4403661220085054e-01
  -1.4497761220085059e-01
  -2.1744161220085056e-01
   4.3460338779914942e-01
  -3.5891612200850576e-02
   6.2745438779914942e-01
  -2.4008661220085065e-01
  -2.0465461220085057e-01
  -2.0520761220085060e-01
   2.9364838779914942e-01
  -3.9205612200850615e-02
   2.8368838779914940e-01
   7.8164387799149415e-02
   2.9324838779914941e-01
   2.0338833877991496e+00
   1.9644833877991494e+00
   2.0189363877991493e+00
   2.1109843877991494e+00
   2.4142293877991494e+00
   2.4634733877991497e+00
   2.4379493877991494e+00
   2.4723743877991495e+00
   1.4697323877991493e+00
   1.4288223877991493e+00
  -5.6751612200850565e-02
   1.1233603877991494e+00
   1.4395073877991493e+00
   1.4567533877991494e+00
   2.5000223877991496e+00
   2.4458033877991494e+00
   2.4956003877991497e+00
   1.4847593877991494e+00
   1.5755093877991493e+00
   1.4695373877991493e+00
   1.4541013877991493e+00
   1.2947313877991493e+00
   2.3846603877991495e+00
   1.6601633877991493e+00
   1.9049603877991494e+00
   2.1068263877991495e+00
   1.9046083877991493e+00
   1.9058923877991494e+00
   2.0588453877991495e+00
   2.1487633877991494e+00
   2.4084773877991497e+00
   1.5278033877991493e+00
   1.5810863877991495e+00
   1.5842023877991493e+00
   2.3168483877991495e+00
   2.3495663877991495e+00
   1.4227593877991493e+00
   1.4310763877991493e+00
   2.3335793877991495e+00
   1.4615533877991493e+00
   2.2605093877991496e+00
   2.4245293877991494e+00
   2.3560263877991496e+00
   2.4279783877991497e+00
   2.3759843877991496e+00
   2.3857813877991494e+00
   1.5753973877991494e+00
   2.3834513877991497e+00
   1.4057223877991494e+00
   1.5987513877991493e+00
   1.1905813877991493e+00
   2.4603693877991497e+00
   2.4130433877991497e+00
   2.3563753877991496e+00
   1.6055093877991493e+00
   1.5493243877991494e+00
   1.4896993877991493e+00
   1.3536673877991494e+00
   1.4019093877991493e+00
   2.4014043877991496e+00
   1.5439213877991493e+00
   2.0245933877991495e+00
   2.0468013877991496e+00
   1.5553373877991494e+00
   1.4889833877991494e+00
   1.3891943877991493e+00
   1.6116713877991493e+00
   2.3235323877991494e+00
   1.5316523877991493e+00
   2.3357663877991497e+00
   1.6273963877991493e+00
   1.4571473877991494e+00
   2.3776013877991495e+00
   1.3687573877991495e+00
   1.5005663877991493e+00
   1.4962393877991493e+00
   1.4371193877991493e+00
   1.4393183877991493e+00
   1.4806933877991493e+00
   2.2411013877991492e+00
   2.2553563877991496e+00
   1.5372833877991494e+00
   2.3033453877991494e+00
   2.2950473877991495e+00
   1.1502903877991495e+00
   2.3102273877991495e+00
   1.4490213877991494e+00
   1.1608033877991495e+00
   1.4669183877991494e+00
   1.5453473877991493e+00
   1.4572233877991494e+00
   1.5145423877991493e+00
   1.4739853877991493e+00
   1.5810493877991494e+00
   1.5755723877991494e+00
   2.3468793877991496e+00
   1.4832823877991494e+00
   1.4167893877991493e+00
   2.4959543877991495e+00
   2.4358103877991497e+00
   2.3901663877991495e+00
   1.4203953877991493e+00
   1.4287173877991493e+00
   2.3990303877991495e+00
   2.4426133877991494e+00
   1.5661943877991493e+00
   1.5110843877991493e+00
   2.3928873877991497e+00
   1.5362993877991493e+00
   1.5401233877991494e+00
   1.3787343877991494e+00
   1.2366593877991494e+00
   1.2782803877991493e+00
   1.2053523877991494e+00
   1.5746703877991493e+00
   8.5521387799149418e-02
   1.2386838779914941e-01
   1.3146938779914941e-01
   3.4396238779914939e-01
   1.4442238779914940e-01
   2.5828538779914939e-01
   2.5571038779914940e-01
  -3.4905612200850589e-02
   3.8492638779914939e-01
   7.9314387799149400e-02
   2.9608538779914939e-01
   2.5559338779914942e-01
   1.9984338779914940e-01
   1.5305387799149417e-02
  -2.0973161220085057e-01
  -1.5699261220085059e-01
  -9.5825612200850618e-02
  -4.4873461220085059e-01
  -3.5358661220085058e-01
  -4.1739161220085058e-01
  -1.9787461220085062e-01
  -3.5305661220085055e-01
  -4.3499561220085065e-01
   1.4213138779914941e-01
   1.3287938779914940e-01
  -3.9657261220085055e-01
  -4.5552961220085059e-01
  -5.2417861220085049e-01
  -3.5571961220085063e-01
  -1.1227461220085061e-01
  -9.7491612200850619e-02
  -4.8037161220085062e-01
  -4.8557861220085058e-01
  -4.8171461220085060e-01
  -1.2909761220085059e-01
  -1.3496161220085057e-01
  -5.1991861220085056e-01
  -4.3401761220085061e-01
  -5.0378961220085050e-01
  -4.1135661220085057e-01
  -3.9298461220085062e-01
  -2.2315961220085057e-01
  -2.0611761220085062e-01
  -3.7336761220085063e-01
  -2.8445961220085064e-01
   1.2599838779914940e-01
   6.4361387799149405e-02
  -3.7846161220085056e-01
   7.2400387799149396e-02
  -4.1427061220085054e-01
  -7.0361612200850576e-02
  -4.1331761220085056e-01
  -3.8470461220085056e-01
  -7.5682612200850596e-02
  -5.0220612200850612e-02
   1.8742387799149413e-02
  -3.4867661220085061e-01
   4.0706238779914938e-01
   8.9520387799149420e-02
  -7.4715612200850601e-02
   3.0708538779914940e-01
   4.1187387799149405e-02
   8.1967238779914942e-01
  -3.1216122008506098e-03
   3.5189387799149402e-02
   7.5710387799149403e-02
   1.3549938779914941e-01
  -5.0037961220085059e-01
  -5.0640661220085059e-01
  -4.3485861220085059e-01
  -6.4270661220085068e-01
  -6.0938861220085050e-01
  -4.6288961220085062e-01
  -4.5972661220085059e-01
   2.8557938779914943e-01
   1.6465387799149411e-02
  -1.0729361220085060e-01
  -3.1456061220085058e-01
  -4.4500561220085061e-01
  -4.6613161220085059e-01
  -5.5169461220085059e-01
  -5.4606661220085062e-01
  -1.1989361220085060e-01
  -3.6393561220085063e-01
  -3.6233261220085061e-01
  -3.8246161220085056e-01
  -4.4007961220085062e-01
  -2.1777961220085057e-01
  -3.8294361220085055e-01
  -3.7957061220085059e-01
  -3.4878261220085055e-01
  -3.1104961220085064e-01
  -2.9299361220085057e-01
  -5.7893961220085055e-01
  -1.1249661220085061e-01
  -1.1592661220085060e-01
  -2.0085261220085060e-01
  -6.0175461220085058e-01
  -7.2955612200850617e-02
   4.2472338779914942e-01
   1.4188703877991493e+00
   1.2732753877991494e+00
   1.5663785629246800e+00
  -5.0415861220085056e-01
  -5.0789361220085061e-01
  -4.3426061220085060e-01
   2.9028238779914939e-01
  -4.6529461220085061e-01
  -3.6382361220085063e-01
  -6.1196261220085058e-01
  -1.1029161220085060e-01
  -3.5745561220085059e-01
  -5.0426461220085050e-01
  -4.0680461220085057e-01
  -3.5437612200850566e-02
   3.0491138779914939e-01
  -4.4221661220085057e-01
  -3.5820961220085062e-01
  -1.0182061220085059e-01
  -5.0150461220085063e-01
   4.2947738779914940e-01
   1.2391123877991495e+00
  -3.9121361220085055e-01
  -1.6844761220085058e-01
  -6.1863761220085056e-01
  -3.7011761220085054e-01
  -3.6879561220085061e-01
  -4.5892961220085055e-01
  -5.1958661220085056e-01
  -6.3766361220085055e-01
  -4.9769861220085060e-01
  -1.2497461220085060e-01
  -5.5323861220085058e-01
  -6.2113261220085070e-01
  -4.5833461220085064e-01
  -2.5863461220085054e-01
  -2.7060161220085061e-01
  -5.2832861220085059e-01
  -3.0189761220085060e-01
  -1.2678961220085061e-01
  -3.4696161220085059e-01
  -5.2474261220085050e-01
  -4.2718261220085058e-01
  -4.5939561220085062e-01
  -5.3009961220085056e-01
  -3.4885861220085063e-01
  -3.0220161220085057e-01
  -3.0310161220085058e-01
  -2.5671061220085062e-01
   1.4504238779914941e-01
  -3.0438661220085056e-01
  -4.6681861220085058e-01
  -2.1563561220085059e-01
   1.1772038779914940e-01
  -3.9002861220085056e-01
   1.0310838779914941e-01
  -4.4268561220085062e-01
  -4.7419961220085055e-01
  -5.0821461220085062e-01
  -2.1977761220085057e-01
  -3.5221561220085057e-01
  -2.0512161220085057e-01
  -1.3969561220085058e-01
  -1.1383661220085062e-01
  -1.3232261220085056e-01
  -2.1251961220085058e-01
  -5.0748961220085054e-01
  -4.8758961220085056e-01
   1.5120413877991494e+00
  -1.4123661220085060e-01
  -3.1369661220085060e-01
  -5.1005961220085050e-01
   1.3925653877991493e+00
  -3.3169161220085058e-01
  -3.8875561220085059e-01
   1.4303133877991494e+00
   1.3644163877991493e+00
   1.0211353877991494e+00
   1.3236183877991494e+00
   1.2934223877991493e+00
   1.3822383877991493e+00
   1.0373523877991495e+00
   1.3572353877991494e+00
   1.3073163877991494e+00
   1.2785843877991494e+00
   1.4012723877991493e+00
   1.1989113877991493e+00
   9.2842738779914935e-01
   1.3869263877991493e+00
   1.2360343877991493e+00
   1.4202653877991493e+00
   1.9014043877991493e+00
   1.2751963877991495e+00
   1.2584233877991493e+00
   1.8753723877991493e+00
   1.2832363877991493e+00
   1.2792823877991493e+00
   1.4075773877991493e+00
   1.4361573877991494e+00
   1.2188313877991495e+00
   1.3944413877991493e+00
   1.2885133877991493e+00
   1.3412573877991494e+00
   1.3759073877991495e+00
   1.4939433877991493e+00
   1.5099253877991494e+00
   1.4529923877991493e+00
   2.3996003877991496e+00
   2.1305013877991494e+00
   1.4377303877991494e+00
   1.5164653877991494e+00
  -2.0311761220085062e-01
  -1.3470761220085059e-01
   1.4931243877991494e+00
   1.2948423877991493e+00
   1.5199363877991494e+00
   1.5285613877991493e+00
   1.4633743877991494e+00
   1.5064203877991493e+00
   1.2720663877991494e+00
   2.0397313877991494e+00
   1.2630523877991493e+00
   1.4495393877991494e+00
   1.5043973877991494e+00
   1.5019043877991494e+00
   1.5079663877991494e+00
   1.5380073877991494e+00
   1.5082413877991494e+00
   2.0450133877991497e+00
   1.8707703877991493e+00
   1.4275003877991495e+00
   1.0700893877991493e+00
   1.4249363877991494e+00
   1.4485103877991494e+00
   1.5159323877991493e+00
   1.5087553877991493e+00
   1.3941223877991493e+00
   1.4591313877991494e+00
   1.5330743877991493e+00
   1.2303633877991493e+00
   1.8614133877991494e+00
